0.020000	1	1	1	0	1546.15926	1524.74859	1529.02722
0.039999	1	1	1	0	1546.15984	1524.75237	1529.02513
0.060000	1	1	1	0	1546.16043	1524.74972	1529.02893
0.079999	1	1	1	0	1546.16490	1524.74972	1529.02722
0.099999	1	1	1	0	1546.15829	1524.75048	1529.02722
0.119999	1	1	1	0	1546.16937	1524.74859	1529.02722
0.139999	1	1	1	0	1546.16878	1524.74783	1529.03083
0.159998	1	1	1	0	1546.16878	1524.75048	1529.02323
0.179998	1	1	1	0	1546.16490	1524.74859	1529.02513
0.199998	1	1	1	0	1546.15984	1524.75048	1529.02703
0.219998	1	1	1	0	1546.15537	1524.74783	1529.02513
0.239998	1	1	1	0	1546.16198	1524.74972	1529.02513
0.259997	1	1	1	0	1546.15673	1524.74670	1529.02893
0.279997	1	1	1	0	1546.16490	1524.75048	1529.02893
0.299997	1	1	1	0	1546.16198	1524.74783	1529.02722
0.319997	1	1	1	0	1546.16431	1524.74859	1529.02513
0.339997	1	1	1	0	1546.16645	1524.74859	1529.02303
0.359997	1	1	1	0	1546.15984	1524.74670	1529.02531
0.379996	1	1	1	0	1546.16276	1524.75048	1529.02722
0.399996	1	1	1	0	1546.16490	1524.74859	1529.02722
0.419996	1	1	1	0	1546.16703	1524.74859	1529.02703
0.439996	1	1	1	0	1546.16198	1524.74859	1529.02513
0.459996	1	1	1	0	1546.15771	1524.75048	1529.02531
0.479995	1	1	1	0	1546.16373	1524.74859	1529.02323
0.499995	1	1	1	0	1546.15479	1524.75048	1529.02722
0.519995	1	1	1	0	1546.16878	1524.74972	1529.02893
0.539995	1	1	1	0	1546.16431	1524.74972	1529.02722
0.559994	1	1	1	0	1546.16198	1524.74859	1529.02513
0.579994	1	1	1	0	1546.15984	1524.74859	1529.02513
0.599994	1	1	1	0	1546.16490	1524.74972	1529.02323
0.619994	1	1	1	0	1546.16198	1524.74972	1529.02722
0.639994	1	1	1	0	1546.16043	1524.75142	1529.02513
0.659993	1	1	1	0	1546.16198	1524.74859	1529.02513
0.679993	1	1	1	0	1546.16937	1524.74972	1529.02893
0.699993	1	1	1	0	1546.16043	1524.74783	1529.02513
0.719993	1	1	1	0	1546.16645	1524.74859	1529.02703
0.739993	1	1	1	0	1546.16198	1524.74972	1529.02513
0.759992	1	1	1	0	1546.16431	1524.75048	1529.02912
0.779992	1	1	1	0	1546.16490	1524.74878	1529.02513
0.799992	1	1	1	0	1546.16645	1524.75124	1529.02703
0.819992	1	1	1	0	1546.16490	1524.74859	1529.02323
0.839992	1	1	1	0	1546.15323	1524.74859	1529.02513
0.859992	1	1	1	0	1546.16276	1524.74972	1529.02513
0.879991	1	1	1	0	1546.16645	1524.74764	1529.02703
0.899991	1	1	1	0	1546.17151	1524.75048	1529.02513
0.919991	1	1	1	0	1546.16645	1524.75256	1529.02513
0.939991	1	1	1	0	1546.16645	1524.74859	1529.02703
0.959991	1	1	1	0	1546.16431	1524.75048	1529.02303
0.979990	1	1	1	0	1546.15829	1524.74935	1529.02703
0.999990	1	1	1	0	1546.16198	1524.74783	1529.02323
1.019990	1	1	1	0	1546.16043	1524.74972	1529.02323
1.039990	1	1	1	0	1546.16043	1524.74972	1529.02703
1.059989	1	1	1	0	1546.15615	1524.75142	1529.02722
1.079989	1	1	1	0	1546.16645	1524.74783	1529.02703
1.099989	1	1	1	0	1546.16198	1524.75048	1529.02722
1.119989	1	1	1	0	1546.17092	1524.75067	1529.02513
1.139989	1	1	1	0	1546.16490	1524.74972	1529.02513
1.159988	1	1	1	0	1546.16043	1524.75142	1529.02703
1.179988	1	1	1	0	1546.16431	1524.74972	1529.02513
1.199988	1	1	1	0	1546.17753	1524.74859	1529.03102
1.219988	1	1	1	0	1546.15829	1524.75142	1529.02703
1.239988	1	1	1	0	1546.15771	1524.74783	1529.02513
1.259988	1	1	1	0	1546.16490	1524.74783	1529.02684
1.279987	1	1	1	0	1546.15615	1524.75124	1529.02513
1.299987	1	1	1	0	1546.16431	1524.74935	1529.02513
1.319987	1	1	1	0	1546.16198	1524.74859	1529.02513
1.339987	1	1	1	0	1546.16043	1524.75142	1529.02893
1.359986	1	1	1	0	1546.16548	1524.74859	1529.02513
1.379986	1	1	1	0	1546.15382	1524.75048	1529.02513
1.399986	1	1	1	0	1546.15771	1524.74859	1529.02513
1.419986	1	1	1	0	1546.16043	1524.74972	1529.02513
1.439986	1	1	1	0	1546.16490	1524.74972	1529.02513
1.459985	1	1	1	0	1546.15829	1524.74670	1529.02893
1.479985	1	1	1	0	1546.16043	1524.74783	1529.02703
1.499985	1	1	1	0	1546.16276	1524.74972	1529.02703
1.519985	1	1	1	0	1546.16431	1524.74859	1529.02513
1.539985	1	1	1	0	1546.16703	1524.74972	1529.02722
1.559984	1	1	1	0	1546.16645	1524.75048	1529.02912
1.579984	1	1	1	0	1546.16781	1524.74972	1529.02513
1.599984	1	1	1	0	1546.16645	1524.75048	1529.02513
1.619984	1	1	1	0	1546.15323	1524.74783	1529.02722
1.639984	1	1	1	0	1546.16490	1524.74670	1529.02893
1.659983	1	1	1	0	1546.16198	1524.74859	1529.02513
1.679983	1	1	1	0	1546.16703	1524.74859	1529.02912
1.699983	1	1	1	0	1546.15771	1524.74783	1529.02703
1.719983	1	1	1	0	1546.16198	1524.75048	1529.02722
1.739983	1	1	1	0	1546.16645	1524.74859	1529.02303
1.759983	1	1	1	0	1546.16198	1524.75048	1529.02703
1.779982	1	1	1	0	1546.16937	1524.74972	1529.02513
1.799982	1	1	1	0	1546.16276	1524.74972	1529.02513
1.819982	1	1	1	0	1546.16937	1524.74859	1529.02513
1.839982	1	1	1	0	1546.15382	1524.74935	1529.02703
1.859981	1	1	1	0	1546.17151	1524.75067	1529.02703
1.879981	1	1	1	0	1546.16490	1524.74972	1529.02531
1.899981	1	1	1	0	1546.16043	1524.74935	1529.02912
1.919981	1	1	1	0	1546.15615	1524.75067	1529.02513
1.939981	1	1	1	0	1546.15984	1524.75048	1529.02722
1.959980	1	1	1	0	1546.16198	1524.75237	1529.02912
1.979980	1	1	1	0	1546.16276	1524.75048	1529.02893
1.999980	1	1	1	0	1546.16043	1524.74670	1529.02893
2.019980	1	1	1	0	1546.16043	1524.75048	1529.02531
2.039979	1	1	1	0	1546.16431	1524.74972	1529.02303
2.059979	1	1	1	0	1546.16043	1524.74972	1529.02893
2.079979	1	1	1	0	1546.16198	1524.74972	1529.02513
2.099979	1	1	1	0	1546.15984	1524.74935	1529.02703
2.119979	1	1	1	0	1546.16198	1524.74670	1529.02513
2.139979	1	1	1	0	1546.15771	1524.74972	1529.02703
2.159978	1	1	1	0	1546.16431	1524.74972	1529.02703
2.179978	1	1	1	0	1546.15615	1524.74972	1529.02703
2.199978	1	1	1	0	1546.16431	1524.74972	1529.02722
2.219978	1	1	1	0	1546.16276	1524.75048	1529.02722
2.239978	1	1	1	0	1546.16198	1524.74670	1529.02722
2.259977	1	1	1	0	1546.17092	1524.74783	1529.02893
2.279977	1	1	1	0	1546.17092	1524.74972	1529.02703
2.299977	1	1	1	0	1546.15459	1524.74859	1529.02513
2.319977	1	1	1	0	1546.16198	1524.74783	1529.02722
2.339977	1	1	1	0	1546.16645	1524.74859	1529.02722
2.359977	1	1	1	0	1546.16703	1524.74764	1529.02513
2.379976	1	1	1	0	1546.16645	1524.74859	1529.02703
2.399976	1	1	1	0	1546.14954	1524.74859	1529.02703
2.419976	1	1	1	0	1546.15984	1524.75142	1529.02703
2.439976	1	1	1	0	1546.16276	1524.74972	1529.02893
2.459975	1	1	1	0	1546.15984	1524.75048	1529.02323
2.479975	1	1	1	0	1546.15887	1524.74859	1529.02722
2.499975	1	1	1	0	1546.16334	1524.74859	1529.02893
2.519975	1	1	1	0	1546.16490	1524.74972	1529.02513
2.539975	1	1	1	0	1546.15984	1524.75048	1529.02703
2.559974	1	1	1	0	1546.16276	1524.74670	1529.02703
2.579974	1	1	1	0	1546.15984	1524.75048	1529.02703
2.599974	1	1	1	0	1546.16431	1524.74689	1529.02323
2.619974	1	1	1	0	1546.15537	1524.74972	1529.02703
2.639974	1	1	1	0	1546.16043	1524.74783	1529.02893
2.659973	1	1	1	0	1546.16431	1524.74859	1529.02912
2.679973	1	1	1	0	1546.16703	1524.75048	1529.02513
2.699973	1	1	1	0	1546.16043	1524.74935	1529.02513
2.719973	1	1	1	0	1546.15984	1524.75048	1529.02722
2.739973	1	1	1	0	1546.15615	1524.75048	1529.02113
2.759973	1	1	1	0	1546.16276	1524.74859	1529.02703
2.779972	1	1	1	0	1546.17151	1524.74972	1529.02132
2.799972	1	1	1	0	1546.16490	1524.75048	1529.02893
2.819972	1	1	1	0	1546.15537	1524.74783	1529.02513
2.839972	1	1	1	0	1546.16043	1524.75048	1529.02303
2.859971	1	1	1	0	1546.16198	1524.75048	1529.02703
2.879971	1	1	1	0	1546.16431	1524.74859	1529.02513
2.899971	1	1	1	0	1546.16645	1524.74783	1529.02513
2.919971	1	1	1	0	1546.15984	1524.74859	1529.02323
2.939971	1	1	1	0	1546.16431	1524.74935	1529.02513
2.959970	1	1	1	0	1546.16043	1524.75048	1529.02703
2.979970	1	1	1	0	1546.16276	1524.74972	1529.02893
2.999970	1	1	1	0	1546.16198	1524.75237	1529.02722
3.019970	1	1	1	0	1546.16043	1524.74972	1529.02703
3.039970	1	1	1	0	1546.16645	1524.74859	1529.02513
3.059969	1	1	1	0	1546.15829	1524.74859	1529.02912
3.079969	1	1	1	0	1546.16431	1524.74783	1529.02513
3.099969	1	1	1	0	1546.16276	1524.74935	1529.02703
3.119969	1	1	1	0	1546.16043	1524.74670	1529.02703
3.139969	1	1	1	0	1546.16043	1524.74840	1529.02513
3.159968	1	1	1	0	1546.17092	1524.74935	1529.02513
3.179968	1	1	1	0	1546.16043	1524.74878	1529.02893
3.199968	1	1	1	0	1546.16431	1524.75048	1529.02893
3.219968	1	1	1	0	1546.16703	1524.75048	1529.02703
3.239968	1	1	1	0	1546.16043	1524.74859	1529.02722
3.259967	1	1	1	0	1546.16937	1524.74859	1529.02703
3.279967	1	1	1	0	1546.16645	1524.74859	1529.02703
3.299967	1	1	1	0	1546.15382	1524.74859	1529.02531
3.319967	1	1	1	0	1546.16120	1524.74859	1529.02703
3.339967	1	1	1	0	1546.15829	1524.74764	1529.02513
3.359967	1	1	1	0	1546.16140	1524.75048	1529.02513
3.379966	1	1	1	0	1546.17306	1524.74783	1529.02912
3.399966	1	1	1	0	1546.16878	1524.75048	1529.02513
3.419966	1	1	1	0	1546.15673	1524.74689	1529.02722
3.439965	1	1	1	0	1546.16276	1524.74935	1529.02722
3.459965	1	1	1	0	1546.16431	1524.74935	1529.02303
3.479965	1	1	1	0	1546.15829	1524.74859	1529.02513
3.499965	1	1	1	0	1546.16878	1524.75048	1529.02323
3.519965	1	1	1	0	1546.16645	1524.74670	1529.02513
3.539965	1	1	1	0	1546.16431	1524.75142	1529.02513
3.559964	1	1	1	0	1546.17092	1524.75048	1529.02703
3.579964	1	1	1	0	1546.16703	1524.75048	1529.02722
3.599964	1	1	1	0	1546.16198	1524.74764	1529.02513
3.619964	1	1	1	0	1546.16703	1524.74972	1529.02893
3.639964	1	1	1	0	1546.15615	1524.74764	1529.02893
3.659963	1	1	1	0	1546.15887	1524.74859	1529.02513
3.679963	1	1	1	0	1546.15984	1524.74670	1529.02513
3.699963	1	1	1	0	1546.15984	1524.59776	1529.02513
3.719963	1	1	1	0	1546.16431	1524.73933	1529.02703
3.739963	1	1	1	0	1546.16490	1524.73933	1529.02893
3.759962	1	1	1	0	1546.15984	1524.74046	1529.02323
3.779962	1	1	1	0	1546.16937	1524.73744	1529.02703
3.799962	1	1	1	0	1546.15984	1524.73933	1529.02513
3.819962	1	1	1	0	1546.16937	1524.73668	1529.02703
3.839962	1	1	1	0	1546.16490	1524.75785	1529.02703
3.859962	1	1	1	0	1546.15537	1524.73744	1529.02513
3.879961	1	1	1	0	1546.16703	1524.73933	1529.02323
3.899961	1	1	1	0	1546.16645	1524.73744	1529.02703
3.919961	1	1	1	0	1546.15829	1524.72439	1529.02722
3.939961	1	1	1	0	1546.16703	1524.73857	1529.02703
3.959960	1	1	1	0	1546.15615	1524.74046	1529.02703
3.979960	1	1	1	0	1546.16490	1524.73120	1529.02703
3.999960	1	1	1	0	1546.15615	1524.73781	1529.02893
4.019960	1	1	1	0	1546.15829	1524.73630	1529.02893
4.039959	1	1	1	0	1546.16276	1524.73555	1529.02893
4.059959	1	1	1	0	1546.16431	1524.73857	1529.02513
4.079959	1	1	1	0	1546.15168	1524.73403	1529.02722
4.099959	1	1	1	0	1546.17151	1524.73744	1529.02513
4.119959	1	1	1	0	1546.16645	1524.73630	1529.02703
4.139959	1	1	1	0	1546.16198	1524.73555	1529.02893
4.159959	1	1	1	0	1546.16120	1524.73630	1529.02513
4.179958	1	1	1	0	1546.16431	1524.73555	1529.02912
4.199958	1	1	1	0	1546.17092	1524.73366	1529.02494
4.219958	1	1	1	0	1546.16937	1524.73668	1529.02703
4.239958	1	1	1	0	1546.16490	1524.73668	1529.02303
4.259957	1	1	1	0	1546.16490	1524.73744	1529.02722
4.279957	1	1	1	0	1546.16645	1524.73744	1529.02513
4.299957	1	1	1	0	1546.16043	1524.73744	1529.02513
4.319957	1	1	1	0	1546.15984	1524.73555	1529.02703
4.339957	1	1	1	0	1546.16043	1524.73857	1529.02303
4.359956	1	1	1	0	1546.16878	1524.73744	1529.02893
4.379956	1	1	1	0	1546.16431	1524.73630	1529.02703
4.399956	1	1	1	0	1546.15537	1524.73290	1529.02513
4.419956	1	1	1	0	1546.15984	1524.73555	1529.02893
4.439956	1	1	1	0	1546.15771	1524.73271	1529.02513
4.459955	1	1	1	0	1546.16431	1524.73668	1529.02703
4.479955	1	1	1	0	1546.16645	1524.73744	1529.02513
4.499955	1	1	1	0	1546.16431	1524.73555	1529.02513
4.519955	1	1	1	0	1546.16645	1524.73857	1529.02722
4.539955	1	1	1	0	1546.16276	1524.73857	1529.02513
4.559954	1	1	1	0	1546.15829	1524.73347	1529.02531
4.579954	1	1	1	0	1546.15984	1524.73195	1529.02893
4.599954	1	1	1	0	1546.15829	1524.73555	1529.02722
4.619954	1	1	1	0	1546.16198	1524.73668	1529.02912
4.639954	1	1	1	0	1546.15984	1524.73668	1529.02303
4.659953	1	1	1	0	1546.16431	1524.73366	1529.02323
4.679953	1	1	1	0	1546.16276	1524.73857	1529.02703
4.699953	1	1	1	0	1546.16490	1524.73668	1529.02893
4.719953	1	1	1	0	1546.16878	1524.73819	1529.02893
4.739953	1	1	1	0	1546.16490	1524.73744	1529.02703
4.759952	1	1	1	0	1546.15829	1524.73668	1529.02893
4.779952	1	1	1	0	1546.16878	1524.73630	1529.02703
4.799953	1	1	1	0	1546.16276	1524.73460	1529.02513
4.819952	1	1	1	0	1546.16431	1524.73555	1529.02703
4.839952	1	1	1	0	1546.15829	1524.73668	1529.02303
4.859951	1	1	1	0	1546.16198	1524.73668	1529.02893
4.879951	1	1	1	0	1546.16198	1524.73555	1529.02513
4.899951	1	1	1	0	1546.16276	1524.73555	1529.02513
4.919951	1	1	1	0	1546.16120	1524.73555	1529.02323
4.939950	1	1	1	0	1546.16703	1524.73555	1529.02703
4.959950	1	1	1	0	1546.15382	1524.73668	1529.02323
4.979950	1	1	1	0	1546.16198	1524.73630	1529.02703
4.999950	1	1	1	0	1546.16878	1524.73555	1529.02703
5.019950	1	1	1	0	1546.16645	1524.73668	1529.02113
5.039949	1	1	1	0	1546.16781	1524.73592	1529.02703
5.059949	1	1	1	0	1546.16043	1524.73744	1529.02303
5.079949	1	1	1	0	1546.15887	1524.73555	1529.02703
5.099949	1	1	1	0	1546.15984	1524.73630	1529.02703
5.119949	1	1	1	0	1546.16878	1524.73555	1529.02513
5.139949	1	1	1	0	1546.15829	1524.73460	1529.02513
5.159948	1	1	1	0	1546.15771	1524.73668	1529.02513
5.179948	1	1	1	0	1546.15771	1524.73744	1529.02513
5.199948	1	1	1	0	1546.16373	1524.73668	1529.02513
5.219948	1	1	1	0	1546.16431	1524.73668	1529.02513
5.239948	1	1	1	0	1546.17151	1524.73630	1529.02513
5.259947	1	1	1	0	1546.16276	1524.73668	1529.02513
5.279947	1	1	1	0	1546.16490	1524.73668	1529.02513
5.299947	1	1	1	0	1546.16878	1524.73555	1529.02893
5.319947	1	1	1	0	1546.16043	1524.73744	1529.02703
5.339947	1	1	1	0	1546.16140	1524.73630	1529.02703
5.359946	1	1	1	0	1546.16276	1524.73555	1529.02703
5.379946	1	1	1	0	1546.16276	1524.73744	1529.02494
5.399946	1	1	1	0	1546.15829	1524.73555	1529.02703
5.419946	1	1	1	0	1546.16645	1524.73668	1529.02703
5.439945	1	1	1	0	1546.16276	1524.73592	1529.02703
5.459945	1	1	1	0	1546.16043	1524.73479	1529.02722
5.479945	1	1	1	0	1546.16490	1524.73366	1529.02893
5.499945	1	1	1	0	1546.16043	1524.73555	1529.02703
5.519945	1	1	1	0	1546.16704	1524.73744	1529.02703
5.539945	1	1	1	0	1546.16198	1524.73479	1529.02893
5.559944	1	1	1	0	1546.16490	1524.73668	1529.02703
5.579944	1	1	1	0	1546.16937	1524.73668	1529.02893
5.599944	1	1	1	0	1546.15771	1524.73555	1529.02513
5.619944	1	1	1	0	1546.16276	1524.73668	1529.02703
5.639944	1	1	1	0	1546.16704	1524.73744	1529.02513
5.659944	1	1	1	0	1546.15829	1524.73857	1529.02703
5.679943	1	1	1	0	1546.16432	1524.73460	1529.02703
5.699943	1	1	1	0	1546.15829	1524.73479	1529.02513
5.719943	1	1	1	0	1546.15168	1524.73668	1529.02703
5.739943	1	1	1	0	1546.16432	1524.73857	1529.02912
5.759942	1	1	1	0	1546.16490	1524.73630	1529.02703
5.779942	1	1	1	0	1546.16490	1524.73744	1529.02513
5.799942	1	1	1	0	1546.16490	1524.73668	1529.02513
5.819942	1	1	1	0	1546.16704	1524.73479	1529.02513
5.839942	1	1	1	0	1546.15887	1524.73744	1529.02494
5.859941	1	1	1	0	1546.16704	1524.73555	1529.02703
5.879941	1	1	1	0	1546.17151	1524.73668	1529.02513
5.899941	1	1	1	0	1546.15984	1524.73366	1529.02893
5.919941	1	1	1	0	1546.16432	1524.73555	1529.02703
5.939941	1	1	1	0	1546.16276	1524.73668	1529.02893
5.959940	1	1	1	0	1546.16937	1524.73782	1529.02703
5.979940	1	1	1	0	1546.16432	1524.73555	1529.02513
5.999940	1	1	1	0	1546.16645	1524.73668	1529.02513
6.019940	1	1	1	0	1546.16276	1524.73668	1529.02513
6.039939	1	1	1	0	1546.14954	1524.73479	1529.02513
6.059939	1	1	1	0	1546.16704	1524.73555	1529.02513
6.079939	1	1	1	0	1546.16937	1524.73857	1529.02703
6.099939	1	1	1	0	1546.16276	1524.73668	1529.02513
6.119939	1	1	1	0	1546.16276	1524.73271	1529.02893
6.139939	1	1	1	0	1546.16334	1524.73630	1529.02703
6.159938	1	1	1	0	1546.16432	1524.73366	1529.02304
6.179938	1	1	1	0	1546.16879	1524.73460	1529.02513
6.199938	1	1	1	0	1546.15984	1524.73555	1529.02703
6.219938	1	1	1	0	1546.15984	1524.73555	1529.02323
6.239938	1	1	1	0	1546.16198	1524.73857	1529.02513
6.259937	1	1	1	0	1546.16043	1524.73744	1529.02703
6.279937	1	1	1	0	1546.16490	1524.73630	1529.02513
6.299937	1	1	1	0	1546.15324	1524.73555	1529.02513
6.319937	1	1	1	0	1546.15984	1524.73460	1529.02513
6.339936	1	1	1	0	1546.16198	1524.73555	1529.02703
6.359936	1	1	1	0	1546.15829	1524.73744	1529.02513
6.379936	1	1	1	0	1546.15615	1524.73555	1529.02513
6.399936	1	1	1	0	1546.16704	1524.73479	1529.02513
6.419936	1	1	1	0	1546.16432	1524.73555	1529.02513
6.439935	1	1	1	0	1546.16043	1524.73555	1529.02722
6.459935	1	1	1	0	1546.16043	1524.73857	1529.02513
6.479935	1	1	1	0	1546.16490	1524.73744	1529.02304
6.499935	1	1	1	0	1546.15829	1524.73744	1529.03102
6.519935	1	1	1	0	1546.15537	1524.73744	1529.02323
6.539935	1	1	1	0	1546.16432	1524.73479	1529.02513
6.559934	1	1	1	0	1546.16995	1524.73744	1529.02513
6.579934	1	1	1	0	1546.17306	1524.73744	1529.02703
6.599934	1	1	1	0	1546.16645	1524.73479	1529.02513
6.619934	1	1	1	0	1546.15615	1524.73630	1529.02304
6.639934	1	1	1	0	1546.15324	1524.73668	1529.02893
6.659933	1	1	1	0	1546.15984	1524.73555	1529.02703
6.679933	1	1	1	0	1546.16645	1524.73555	1529.02703
6.699933	1	1	1	0	1546.16043	1524.73479	1529.02703
6.719933	1	1	1	0	1546.16198	1524.73668	1529.02703
6.739933	1	1	1	0	1546.16198	1524.73744	1529.02513
6.759932	1	1	1	0	1546.16704	1524.73555	1529.02893
6.779932	1	1	1	0	1546.16490	1524.73668	1529.02703
6.799932	1	1	1	0	1546.15829	1524.73479	1529.02722
6.819932	1	1	1	0	1546.16432	1524.73668	1529.02513
6.839931	1	1	1	0	1546.17092	1524.73668	1529.02513
6.859931	1	1	1	0	1546.16490	1524.73555	1529.02703
6.879931	1	1	1	0	1546.16276	1524.73744	1529.02722
6.899931	1	1	1	0	1546.16276	1524.73744	1529.02893
6.919931	1	1	1	0	1546.16587	1524.73857	1529.02513
6.939931	1	1	1	0	1546.16704	1524.73555	1529.02513
6.959930	1	1	1	0	1546.15537	1524.73819	1529.03102
6.979930	1	1	1	0	1546.16198	1524.73857	1529.02703
6.999930	1	1	1	0	1546.15984	1524.73479	1529.02304
7.019930	1	1	1	0	1546.16781	1524.73555	1529.02513
7.039929	1	1	1	0	1546.15615	1524.73555	1529.02722
7.059929	1	1	1	0	1546.16645	1524.73555	1529.02893
7.079929	1	1	1	0	1546.16704	1524.73857	1529.02513
7.099929	1	1	1	0	1546.16276	1524.73744	1529.02703
7.119929	1	1	1	0	1546.15537	1524.73668	1529.02513
7.139929	1	1	1	0	1546.16490	1524.73744	1529.02323
7.159928	1	1	1	0	1546.16490	1524.73933	1529.02893
7.179928	1	1	1	0	1546.16334	1524.73819	1529.03102
7.199928	1	1	1	0	1546.15984	1524.73460	1529.02323
7.219928	1	1	1	0	1546.16703	1524.73744	1529.02513
7.239928	1	1	1	0	1546.15984	1524.73744	1529.02323
7.259927	1	1	1	0	1546.16703	1524.73479	1529.02303
7.279927	1	1	1	0	1546.16645	1524.73668	1529.02912
7.299927	1	1	1	0	1546.17811	1524.73555	1529.02703
7.319927	1	1	1	0	1546.16431	1524.73479	1529.02513
7.339927	1	1	1	0	1546.16490	1524.73744	1529.02513
7.359926	1	1	1	0	1546.16490	1524.73630	1529.02513
7.379926	1	1	1	0	1546.16645	1524.73819	1529.02513
7.399926	1	1	1	0	1546.16878	1524.73744	1529.02893
7.419926	1	1	1	0	1546.16043	1524.73744	1529.02513
7.439925	1	1	1	0	1546.15887	1524.73744	1529.02303
7.459925	1	1	1	0	1546.15829	1524.73668	1529.02531
7.479925	1	1	1	0	1546.16490	1524.73460	1529.02323
7.499925	1	1	1	0	1546.15537	1524.73668	1529.02513
7.519925	1	1	1	0	1546.15323	1524.73744	1529.02722
7.539924	1	1	1	0	1546.16431	1524.73744	1529.02494
7.559924	1	1	1	0	1546.16703	1524.73933	1529.02513
7.579924	1	1	1	0	1546.16043	1524.73555	1529.02513
7.599924	1	1	1	0	1546.16043	1524.73555	1529.02722
7.619924	1	1	1	0	1546.16490	1524.73668	1529.02113
7.639924	1	1	1	0	1546.16198	1524.73744	1529.02893
7.659923	1	1	1	0	1546.17364	1524.73744	1529.02513
7.679923	1	1	1	0	1546.16703	1524.73857	1529.02722
7.699923	1	1	1	0	1546.16120	1524.73857	1529.02513
7.719923	1	1	1	0	1546.16276	1524.73668	1529.02513
7.739923	1	1	1	0	1546.16703	1524.73744	1529.02513
7.759922	1	1	1	0	1546.16431	1524.73933	1529.02513
7.779922	1	1	1	0	1546.16431	1524.73744	1529.02513
7.799922	1	1	1	0	1546.16431	1524.73668	1529.02912
7.819922	1	1	1	0	1546.17151	1524.73555	1529.02722
7.839922	1	1	1	0	1546.15887	1524.73744	1529.02513
7.859921	1	1	1	0	1546.16645	1524.73555	1529.02513
7.879921	1	1	1	0	1546.16587	1524.73555	1529.02513
7.899921	1	1	1	0	1546.15829	1524.73744	1529.02893
7.919921	1	1	1	0	1546.16490	1524.73630	1529.02513
7.939920	1	1	1	0	1546.16703	1524.73554	1529.02912
7.959920	1	1	1	0	1546.16937	1524.73744	1529.02512
7.979920	1	1	1	0	1546.15770	1524.73744	1529.02722
7.999920	1	1	1	0	1546.16198	1524.73554	1529.02722
8.019920	1	1	1	0	1546.16490	1524.73592	1529.02512
8.039919	1	1	1	0	1546.16276	1524.73668	1529.02702
8.059919	1	1	1	0	1546.15537	1524.73630	1529.02512
8.079919	1	1	1	0	1546.16431	1524.73668	1529.02512
8.099919	1	1	1	0	1546.15829	1524.73668	1529.02893
8.119919	1	1	1	0	1546.16645	1524.73668	1529.02512
8.139919	1	1	1	0	1546.17150	1524.73744	1529.02702
8.159918	1	1	1	0	1546.16198	1524.73819	1529.02512
8.179918	1	1	1	0	1546.16703	1524.73744	1529.02893
8.199918	1	1	1	0	1546.16431	1524.73554	1529.02303
8.219918	1	1	1	0	1546.16937	1524.73668	1529.02722
8.239918	1	1	1	0	1546.16878	1524.73744	1529.03311
8.259917	1	1	1	0	1546.16490	1524.73744	1529.02512
8.279917	1	1	1	0	1546.16937	1524.73668	1529.02893
8.299917	1	1	1	0	1546.15829	1524.73668	1529.02322
8.319917	1	1	1	0	1546.16198	1524.73668	1529.02702
8.339916	1	1	1	0	1546.16645	1524.73932	1529.02531
8.359916	1	1	1	0	1546.16431	1524.73554	1529.02512
8.379916	1	1	1	0	1546.16645	1524.73479	1529.02702
8.399916	1	1	1	0	1546.16042	1524.73630	1529.02722
8.419916	1	1	1	0	1546.16198	1524.73554	1529.02512
8.439915	1	1	1	0	1546.16431	1524.73630	1529.02893
8.459915	1	1	1	0	1546.16703	1524.73554	1529.02512
8.479915	1	1	1	0	1546.16276	1524.73365	1529.02893
8.499915	1	1	1	0	1546.16198	1524.73554	1529.02893
8.519915	1	1	1	0	1546.16937	1524.73554	1529.02702
8.539914	1	1	1	0	1546.15615	1524.73592	1529.02702
8.559914	1	1	1	0	1546.15770	1524.73744	1529.02512
8.579914	1	1	1	0	1546.16431	1524.73479	1529.02702
8.599914	1	1	1	0	1546.15537	1524.73744	1529.02722
8.619914	1	1	1	0	1546.15984	1524.73932	1529.02722
8.639914	1	1	1	0	1546.15829	1524.73554	1529.02722
8.659913	1	1	1	0	1546.16198	1524.73744	1529.02702
8.679913	1	1	1	0	1546.16276	1524.73365	1529.02512
8.699913	1	1	1	0	1546.16276	1524.73668	1529.02512
8.719913	1	1	1	0	1546.16937	1524.73744	1529.02702
8.739913	1	1	1	0	1546.16645	1524.73554	1529.02512
8.759912	1	1	1	0	1546.16645	1524.73857	1529.02702
8.779912	1	1	1	0	1546.17092	1524.73479	1529.02722
8.799912	1	1	1	0	1546.16490	1524.73554	1529.02702
8.819912	1	1	1	0	1546.16334	1524.73744	1529.02512
8.839911	1	1	1	0	1546.15168	1524.73668	1529.02512
8.859911	1	1	1	0	1546.15770	1524.73668	1529.02722
8.879911	1	1	1	0	1546.16042	1524.73857	1529.02702
8.899911	1	1	1	0	1546.15382	1524.73668	1529.02512
8.919911	1	1	1	0	1546.16703	1524.73479	1529.02722
8.939910	1	1	1	0	1546.16490	1524.73479	1529.02512
8.959910	1	1	1	0	1546.16703	1524.73479	1529.02512
8.979910	1	1	1	0	1546.16431	1524.73479	1529.02512
8.999910	1	1	1	0	1546.16276	1524.73819	1529.02702
9.019910	1	1	1	0	1546.15984	1524.73668	1529.02702
9.039909	1	1	1	0	1546.16334	1524.73554	1529.02893
9.059909	1	1	1	0	1546.16937	1524.73744	1529.02512
9.079909	1	1	1	0	1546.16198	1524.73668	1529.02702
9.099909	1	1	1	0	1546.16198	1524.73479	1529.02702
9.119909	1	1	1	0	1546.16276	1524.73668	1529.02303
9.139909	1	1	1	0	1546.16490	1524.73744	1529.02702
9.159908	1	1	1	0	1546.15168	1524.73819	1529.02512
9.179908	1	1	1	0	1546.16645	1524.73554	1529.02531
9.199908	1	1	1	0	1546.16703	1524.73857	1529.02702
9.219908	1	1	1	0	1546.14876	1524.73668	1529.02702
9.239908	1	1	1	0	1546.16645	1524.73668	1529.02722
9.259907	1	1	1	0	1546.16198	1524.73479	1529.02702
9.279907	1	1	1	0	1546.16878	1524.73479	1529.02512
9.299907	1	1	1	0	1546.16878	1524.73857	1529.02702
9.319907	1	1	1	0	1546.16276	1524.73554	1529.02702
9.339907	1	1	1	0	1546.16703	1524.73554	1529.02722
9.359906	1	1	1	0	1546.16042	1524.73554	1529.02512
9.379906	1	1	1	0	1546.16198	1524.73630	1529.02702
9.399906	1	1	1	0	1546.15984	1524.73744	1529.02512
9.419906	1	1	1	0	1546.16140	1524.73932	1529.02722
9.439905	1	1	1	0	1546.15673	1524.73554	1529.02512
9.459905	1	1	1	0	1546.16042	1524.73781	1529.02702
9.479905	1	1	1	0	1546.15323	1524.73554	1529.02702
9.499905	1	1	1	0	1546.15984	1524.73668	1529.02531
9.519905	1	1	1	0	1546.16276	1524.73668	1529.02322
9.539905	1	1	1	0	1546.16587	1524.73668	1529.02512
9.559904	1	1	1	0	1546.15829	1524.73554	1529.02721
9.579904	1	1	1	0	1546.16198	1524.73554	1529.02702
9.599904	1	1	1	0	1546.16489	1524.73668	1529.02303
9.619904	1	1	1	0	1546.16587	1524.73668	1529.02512
9.639904	1	1	1	0	1546.16936	1524.73365	1529.02721
9.659903	1	1	1	0	1546.15615	1524.73743	1529.02303
9.679903	1	1	1	0	1546.16275	1524.73743	1529.02512
9.699903	1	1	1	0	1546.16548	1524.73479	1529.02512
9.719903	1	1	1	0	1546.16198	1524.73554	1529.02322
9.739902	1	1	1	0	1546.15829	1524.73743	1529.02721
9.759903	1	1	1	0	1546.15770	1524.73479	1529.02512
9.779902	1	1	1	0	1546.16936	1524.73630	1529.02702
9.799902	1	1	1	0	1546.16198	1524.73630	1529.02493
9.819902	1	1	1	0	1546.15770	1524.73857	1529.02702
9.839901	1	1	1	0	1546.15829	1524.73554	1529.02322
9.859901	1	1	1	0	1546.15984	1524.73460	1529.02721
9.879901	1	1	1	0	1546.16878	1524.73668	1529.02512
9.899901	1	1	1	0	1546.16275	1524.73554	1529.02512
9.919901	1	1	1	0	1546.16275	1524.73819	1529.02892
9.939900	1	1	1	0	1546.16703	1524.73554	1529.02702
9.959900	1	1	1	0	1546.17364	1524.74121	1529.02512
9.979900	1	1	1	0	1546.15984	1524.73668	1529.02512
9.999900	1	1	1	0	1546.16781	1524.73743	1529.02721
10.019900	1	1	1	0	1546.15984	1524.73554	1529.02322
10.039900	1	1	1	0	1546.15984	1524.73668	1529.02702
10.059899	1	1	1	0	1546.15829	1524.73668	1529.02702
10.079899	1	1	1	0	1546.16198	1524.73554	1529.02702
10.099899	1	1	1	0	1546.17539	1524.73743	1529.02702
10.119899	1	1	1	0	1546.16042	1524.73743	1529.02512
10.139899	1	1	1	0	1546.16703	1524.73554	1529.02721
10.159898	1	1	1	0	1546.16489	1524.73743	1529.02892
10.179898	1	1	1	0	1546.16275	1524.73554	1529.02512
10.199898	1	1	1	0	1546.16042	1524.73365	1529.02702
10.219898	1	1	1	0	1546.15615	1524.73743	1529.02702
10.239897	1	1	1	0	1546.15770	1524.73743	1529.02892
10.259897	1	1	1	0	1546.16198	1524.73743	1529.02702
10.279897	1	1	1	0	1546.17539	1524.73668	1529.02721
10.299897	1	1	1	0	1546.17364	1524.73743	1529.02892
10.319897	1	1	1	0	1546.17150	1524.73857	1529.02512
10.339896	1	1	1	0	1546.16878	1524.73479	1529.02702
10.359896	1	1	1	0	1546.16275	1524.73554	1529.02493
10.379896	1	1	1	0	1546.16431	1524.73668	1529.02702
10.399896	1	1	1	0	1546.16645	1524.73857	1529.02512
10.419896	1	1	1	0	1546.15615	1524.73554	1529.02303
10.439896	1	1	1	0	1546.16042	1524.73630	1529.02322
10.459895	1	1	1	0	1546.16042	1524.73743	1529.02493
10.479895	1	1	1	0	1546.15984	1524.73668	1529.02721
10.499895	1	1	1	0	1546.16995	1524.73554	1529.02512
10.519895	1	1	1	0	1546.15829	1524.73554	1529.02721
10.539895	1	1	1	0	1546.15770	1524.73743	1529.02721
10.559894	1	1	1	0	1546.16489	1524.73554	1529.02512
10.579894	1	1	1	0	1546.16431	1524.73554	1529.02702
10.599894	1	1	1	0	1546.16275	1524.73630	1529.02702
10.619894	1	1	1	0	1546.16489	1524.73668	1529.02512
10.639894	1	1	1	0	1546.16489	1524.73668	1529.02512
10.659893	1	1	1	0	1546.16042	1524.73743	1529.02702
10.679893	1	1	1	0	1546.16198	1524.73668	1529.02512
10.699893	1	1	1	0	1546.16198	1524.73554	1529.02911
10.719893	1	1	1	0	1546.15829	1524.73743	1529.02512
10.739892	1	1	1	0	1546.15829	1524.73630	1529.02303
10.759892	1	1	1	0	1546.16489	1524.73668	1529.02702
10.779892	1	1	1	0	1546.17150	1524.73479	1529.02512
10.799892	1	1	1	0	1546.16645	1524.73743	1529.02512
10.819892	1	1	1	0	1546.16042	1524.73932	1529.02702
10.839892	1	1	1	0	1546.16703	1524.73554	1529.02702
10.859891	1	1	1	0	1546.16198	1524.73554	1529.02322
10.879891	1	1	1	0	1546.15615	1524.73592	1529.02512
10.899891	1	1	1	0	1546.16275	1524.73668	1529.02911
10.919891	1	1	1	0	1546.16042	1524.73554	1529.02512
10.939890	1	1	1	0	1546.15829	1524.73743	1529.02702
10.959890	1	1	1	0	1546.15673	1524.73554	1529.02512
10.979890	1	1	1	0	1546.16198	1524.73743	1529.02512
10.999890	1	1	1	0	1546.15537	1524.73554	1529.02303
11.019890	1	1	1	0	1546.16878	1524.73668	1529.02512
11.039890	1	1	1	0	1546.16489	1524.73743	1529.02512
11.059889	1	1	1	0	1546.16489	1524.73743	1529.02512
11.079889	1	1	1	0	1546.16431	1524.73743	1529.02303
11.099889	1	1	1	0	1546.16042	1524.74008	1529.02493
11.119889	1	1	1	0	1546.16198	1524.73932	1529.02702
11.139889	1	1	1	0	1546.16042	1524.73479	1529.02702
11.159888	1	1	1	0	1546.16275	1524.73668	1529.02512
11.179888	1	1	1	0	1546.16431	1524.73743	1529.02911
11.199888	1	1	1	0	1546.15615	1524.73554	1529.02702
11.219888	1	1	1	0	1546.15829	1524.73668	1529.02322
11.239887	1	1	1	0	1546.16042	1524.73554	1529.02512
11.259887	1	1	1	0	1546.15829	1524.73403	1529.02702
11.279887	1	1	1	0	1546.16042	1524.73365	1529.02892
11.299887	1	1	1	0	1546.16042	1524.73195	1529.02512
11.319887	1	1	1	0	1546.16275	1524.73668	1529.02512
11.339887	1	1	1	0	1546.15537	1524.73668	1529.02512
11.359886	1	1	1	0	1546.16878	1524.73668	1529.02512
11.379886	1	1	1	0	1546.15984	1524.73592	1529.02322
11.399886	1	1	1	0	1546.16198	1524.73554	1529.02512
11.419886	1	1	1	0	1546.15829	1524.73630	1529.02512
11.439886	1	1	1	0	1546.16645	1524.73668	1529.02512
11.459885	1	1	1	0	1546.17092	1524.73668	1529.02892
11.479885	1	1	1	0	1546.15829	1524.73554	1529.02892
11.499885	1	1	1	0	1546.16489	1524.73554	1529.02702
11.519885	1	1	1	0	1546.16489	1524.73365	1529.02702
11.539885	1	1	1	0	1546.16878	1524.73743	1529.02512
11.559884	1	1	1	0	1546.16198	1524.73743	1529.02702
11.579884	1	1	1	0	1546.16198	1524.73743	1529.02512
11.599884	1	1	1	0	1546.16042	1524.73668	1529.02702
11.619884	1	1	1	0	1546.16936	1524.73554	1529.02512
11.639884	1	1	1	0	1546.15615	1524.73592	1529.02892
11.659883	1	1	1	0	1546.15770	1524.73479	1529.02721
11.679883	1	1	1	0	1546.16489	1524.73819	1529.02702
11.699883	1	1	1	0	1546.15829	1524.73668	1529.02702
11.719883	1	1	1	0	1546.16489	1524.73479	1529.02303
11.739882	1	1	1	0	1546.16489	1524.73668	1529.02721
11.759882	1	1	1	0	1546.16645	1524.73857	1529.02512
11.779882	1	1	1	0	1546.15770	1524.73630	1529.02721
11.799882	1	1	1	0	1546.15829	1524.73554	1529.02892
11.819882	1	1	1	0	1546.15984	1524.73743	1529.02702
11.839881	1	1	1	0	1546.15537	1524.73668	1529.02512
11.859881	1	1	1	0	1546.15984	1524.73668	1529.02702
11.879881	1	1	1	0	1546.16645	1524.73857	1529.02702
11.899881	1	1	1	0	1546.16431	1524.73554	1529.02702
11.919881	1	1	1	0	1546.16645	1524.73554	1529.02303
11.939880	1	1	1	0	1546.17092	1524.73460	1529.02702
11.959880	1	1	1	0	1546.16431	1524.73668	1529.02721
11.979880	1	1	1	0	1546.16198	1524.73479	1529.03101
11.999880	1	1	1	0	1546.15984	1524.73819	1529.02493
12.019880	1	1	1	0	1546.16198	1524.73743	1529.02702
12.039879	1	1	1	0	1546.16139	1524.73668	1529.02512
12.059879	1	1	1	0	1546.15887	1524.73554	1529.02892
12.079879	1	1	1	0	1546.15615	1524.73554	1529.02512
12.099879	1	1	1	0	1546.16489	1524.73743	1529.02702
12.119879	1	1	1	0	1546.17150	1524.73554	1529.02512
12.139879	1	1	1	0	1546.17597	1524.73592	1529.02702
12.159878	1	1	1	0	1546.16042	1524.73479	1529.02892
12.179878	1	1	1	0	1546.16198	1524.73781	1529.02911
12.199878	1	1	1	0	1546.15984	1524.73668	1529.02721
12.219878	1	1	1	0	1546.16936	1524.73554	1529.02512
12.239877	1	1	1	0	1546.16645	1524.73630	1529.02702
12.259877	1	1	1	0	1546.16275	1524.73479	1529.02892
12.279877	1	1	1	0	1546.15770	1524.73743	1529.02512
12.299877	1	1	1	0	1546.17150	1524.73668	1529.02702
12.319877	1	1	1	0	1546.16198	1524.73819	1529.02702
12.339876	1	1	1	0	1546.16703	1524.73630	1529.02702
12.359876	1	1	1	0	1546.16703	1524.73668	1529.02702
12.379876	1	1	1	0	1546.16878	1524.73743	1529.02531
12.399876	1	1	1	0	1546.16042	1524.73479	1529.02702
12.419876	1	1	1	0	1546.16703	1524.73668	1529.02702
12.439875	1	1	1	0	1546.16489	1524.73668	1529.02892
12.459875	1	1	1	0	1546.16275	1524.73932	1529.02702
12.479875	1	1	1	0	1546.16878	1524.73554	1529.02702
12.499875	1	1	1	0	1546.16198	1524.73857	1529.02702
12.519875	1	1	1	0	1546.16275	1524.73743	1529.02892
12.539875	1	1	1	0	1546.16936	1524.73630	1529.02892
12.559874	1	1	1	0	1546.16489	1524.73857	1529.02721
12.579875	1	1	1	0	1546.16878	1524.73743	1529.02702
12.599874	1	1	1	0	1546.17092	1524.73554	1529.02322
12.619874	1	1	1	0	1546.16878	1524.73554	1529.02702
12.639873	1	1	1	0	1546.15829	1524.73743	1529.02322
12.659873	1	1	1	0	1546.16042	1524.73857	1529.02721
12.679873	1	1	1	0	1546.15829	1524.73479	1529.02512
12.699873	1	1	1	0	1546.15829	1524.73743	1529.02892
12.719873	1	1	1	0	1546.16275	1524.73743	1529.02493
12.739872	1	1	1	0	1546.17092	1524.73554	1529.02702
12.759872	1	1	1	0	1546.15323	1524.73857	1529.02322
12.779872	1	1	1	0	1546.16489	1524.73668	1529.02512
12.799872	1	1	1	0	1546.16781	1524.73743	1529.02892
12.819872	1	1	1	0	1546.15887	1524.73554	1529.02892
12.839871	1	1	1	0	1546.16781	1524.73743	1529.02512
12.859871	1	1	1	0	1546.16198	1524.73668	1529.02512
12.879871	1	1	1	0	1546.15828	1524.73478	1529.02702
12.899871	1	1	1	0	1546.16431	1524.73743	1529.02702
12.919871	1	1	1	0	1546.16275	1524.73365	1529.02512
12.939870	1	1	1	0	1546.15459	1524.73743	1529.02702
12.959870	1	1	1	0	1546.15012	1524.73743	1529.02512
12.979870	1	1	1	0	1546.15984	1524.73554	1529.02911
12.999870	1	1	1	0	1546.16042	1524.73478	1529.02512
13.019870	1	1	1	0	1546.15828	1524.73856	1529.02721
13.039869	1	1	1	0	1546.15887	1524.73668	1529.02702
13.059869	1	1	1	0	1546.15828	1524.73554	1529.02322
13.079869	1	1	1	0	1546.15984	1524.73668	1529.02531
13.099869	1	1	1	0	1546.16334	1524.73668	1529.02721
13.119869	1	1	1	0	1546.16042	1524.73365	1529.02512
13.139868	1	1	1	0	1546.16703	1524.73743	1529.02702
13.159868	1	1	1	0	1546.15828	1524.73668	1529.02303
13.179868	1	1	1	0	1546.16198	1524.73856	1529.02892
13.199868	1	1	1	0	1546.15381	1524.73743	1529.02702
13.219868	1	1	1	0	1546.17150	1524.73668	1529.02702
13.239867	1	1	1	0	1546.15984	1524.73743	1529.02512
13.259867	1	1	1	0	1546.16547	1524.73478	1529.02702
13.279867	1	1	1	0	1546.16645	1524.73630	1529.02721
13.299867	1	1	1	0	1546.15459	1524.73478	1529.02512
13.319867	1	1	1	0	1546.15984	1524.73554	1529.02512
13.339866	1	1	1	0	1546.15770	1524.73668	1529.02721
13.359866	1	1	1	0	1546.15537	1524.73668	1529.02702
13.379866	1	1	1	0	1546.16703	1524.73668	1529.02322
13.399866	1	1	1	0	1546.15828	1524.73668	1529.02702
13.419866	1	1	1	0	1546.15828	1524.73743	1529.02911
13.439866	1	1	1	0	1546.17364	1524.73743	1529.02702
13.459865	1	1	1	0	1546.16275	1524.73743	1529.02512
13.479865	1	1	1	0	1546.16431	1524.73554	1529.02721
13.499865	1	1	1	0	1546.16275	1524.73554	1529.02892
13.519865	1	1	1	0	1546.16431	1524.73856	1529.02322
13.539864	1	1	1	0	1546.16042	1524.73630	1529.02702
13.559864	1	1	1	0	1546.16431	1524.73478	1529.02892
13.579864	1	1	1	0	1546.16275	1524.73592	1529.02892
13.599864	1	1	1	0	1546.16042	1524.73743	1529.02721
13.619864	1	1	1	0	1546.15984	1524.73554	1529.02911
13.639863	1	1	1	0	1546.15770	1524.73554	1529.02702
13.659863	1	1	1	0	1546.15828	1524.73743	1529.02512
13.679863	1	1	1	0	1546.15537	1524.73819	1529.02721
13.699863	1	1	1	0	1546.15381	1524.73592	1529.02512
13.719862	1	1	1	0	1546.16547	1524.73668	1529.02303
13.739862	1	1	1	0	1546.16275	1524.73743	1529.02702
13.759862	1	1	1	0	1546.16878	1524.73668	1529.02702
13.779862	1	1	1	0	1546.15828	1524.73743	1529.02702
13.799862	1	1	1	0	1546.16042	1524.73668	1529.02702
13.819862	1	1	1	0	1546.15984	1524.73554	1529.02892
13.839861	1	1	1	0	1546.15770	1524.73743	1529.02512
13.859861	1	1	1	0	1546.16042	1524.73478	1529.02531
13.879861	1	1	1	0	1546.15770	1524.73478	1529.02702
13.899861	1	1	1	0	1546.16198	1524.73630	1529.02512
13.919861	1	1	1	0	1546.16431	1524.73365	1529.02512
13.939860	1	1	1	0	1546.15770	1524.73743	1529.02721
13.959860	1	1	1	0	1546.15770	1524.73554	1529.02512
13.979860	1	1	1	0	1546.15984	1524.73554	1529.02512
13.999860	1	1	1	0	1546.15984	1524.73668	1529.02892
14.019860	1	1	1	0	1546.15984	1524.73668	1529.02721
14.039860	1	1	1	0	1546.16275	1524.73668	1529.02721
14.059859	1	1	1	0	1546.16489	1524.74045	1529.02702
14.079859	1	1	1	0	1546.16198	1524.73554	1529.02702
14.099859	1	1	1	0	1546.16431	1524.73554	1529.02702
14.119859	1	1	1	0	1546.16489	1524.73743	1529.02512
14.139858	1	1	1	0	1546.16586	1524.73856	1529.02702
14.159858	1	1	1	0	1546.16703	1524.73856	1529.02892
14.179858	1	1	1	0	1546.16703	1524.73630	1529.02721
14.199858	1	1	1	0	1546.16703	1524.73554	1529.02512
14.219858	1	1	1	0	1546.15770	1524.73554	1529.02512
14.239857	1	1	1	0	1546.16489	1524.73743	1529.02702
14.259857	1	1	1	0	1546.16275	1524.73743	1529.02512
14.279857	1	1	1	0	1546.16198	1524.73743	1529.02512
14.299857	1	1	1	0	1546.16275	1524.73554	1529.02322
14.319857	1	1	1	0	1546.16198	1524.73668	1529.02512
14.339856	1	1	1	0	1546.16645	1524.74045	1529.02721
14.359856	1	1	1	0	1546.16198	1524.73932	1529.02702
14.379856	1	1	1	0	1546.16489	1524.73554	1529.02512
14.399856	1	1	1	0	1546.15984	1524.73478	1529.02892
14.419856	1	1	1	0	1546.16431	1524.73554	1529.02512
14.439855	1	1	1	0	1546.16198	1524.73630	1529.02892
14.459855	1	1	1	0	1546.15984	1524.73630	1529.02512
14.479855	1	1	1	0	1546.16275	1524.73668	1529.02892
14.499855	1	1	1	0	1546.16489	1524.73856	1529.02702
14.519855	1	1	1	0	1546.15614	1524.73365	1529.02512
14.539855	1	1	1	0	1546.16489	1524.73856	1529.02322
14.559854	1	1	1	0	1546.15614	1524.73630	1529.02702
14.579854	1	1	1	0	1546.16645	1524.73554	1529.02721
14.599854	1	1	1	0	1546.15828	1524.73592	1529.02493
14.619854	1	1	1	0	1546.17092	1524.73460	1529.02303
14.639853	1	1	1	0	1546.16275	1524.73668	1529.02721
14.659853	1	1	1	0	1546.16042	1524.73478	1529.02512
14.679853	1	1	1	0	1546.16431	1524.73460	1529.02702
14.699853	1	1	1	0	1546.15537	1524.73932	1529.02303
14.719853	1	1	1	0	1546.16198	1524.73554	1529.02512
14.739852	1	1	1	0	1546.16334	1524.73932	1529.02702
14.759852	1	1	1	0	1546.16275	1524.73554	1529.02721
14.779852	1	1	1	0	1546.16198	1524.73554	1529.02702
14.799852	1	1	1	0	1546.15323	1524.73554	1529.02702
14.819852	1	1	1	0	1546.15828	1524.73856	1529.02493
14.839851	1	1	1	0	1546.16878	1524.73932	1529.02512
14.859851	1	1	1	0	1546.15828	1524.73668	1529.02512
14.879851	1	1	1	0	1546.16431	1524.73668	1529.02512
14.899851	1	1	1	0	1546.16431	1524.73743	1529.02512
14.919851	1	1	1	0	1546.16703	1524.73478	1529.02702
14.939850	1	1	1	0	1546.15109	1524.73743	1529.02512
14.959850	1	1	1	0	1546.16120	1524.73478	1529.02911
14.979850	1	1	1	0	1546.16489	1524.73592	1529.02702
14.999850	1	1	1	0	1546.16042	1524.73630	1529.02303
15.019850	1	1	1	0	1546.16042	1524.73743	1529.02892
15.039849	1	1	1	0	1546.17306	1524.73781	1529.02512
15.059849	1	1	1	0	1546.16878	1524.73668	1529.02303
15.079849	1	1	1	0	1546.16042	1524.73743	1529.02721
15.099849	1	1	1	0	1546.15828	1524.73289	1529.02721
15.119849	1	1	1	0	1546.17150	1524.73478	1529.02512
15.139848	1	1	1	0	1546.16703	1524.73554	1529.02892
15.159848	1	1	1	0	1546.16042	1524.73743	1529.02512
15.179848	1	1	1	0	1546.15537	1524.73554	1529.02892
15.199848	1	1	1	0	1546.15770	1524.73743	1529.02512
15.219848	1	1	1	0	1546.15537	1524.73554	1529.02892
15.239847	1	1	1	0	1546.15984	1524.73365	1529.02702
15.259847	1	1	1	0	1546.16198	1524.73743	1529.02303
15.279847	1	1	1	0	1546.16645	1524.73554	1529.02512
15.299847	1	1	1	0	1546.16042	1524.73781	1529.02721
15.319847	1	1	1	0	1546.15381	1524.73743	1529.02721
15.339846	1	1	1	0	1546.16275	1524.73668	1529.02512
15.359846	1	1	1	0	1546.17150	1524.73932	1529.02512
15.379846	1	1	1	0	1546.16489	1524.73856	1529.02721
15.399846	1	1	1	0	1546.16431	1524.73554	1529.02512
15.419846	1	1	1	0	1546.16334	1524.73668	1529.02512
15.439845	1	1	1	0	1546.16431	1524.73743	1529.02892
15.459845	1	1	1	0	1546.15984	1524.73743	1529.02892
15.479845	1	1	1	0	1546.15537	1524.73554	1529.02512
15.499845	1	1	1	0	1546.16489	1524.73743	1529.02512
15.519845	1	1	1	0	1546.15984	1524.73743	1529.02721
15.539844	1	1	1	0	1546.16645	1524.73478	1529.02702
15.559844	1	1	1	0	1546.15984	1524.73668	1529.02512
15.579844	1	1	1	0	1546.16431	1524.73554	1529.02322
15.599844	1	1	1	0	1546.16645	1524.73668	1529.02512
15.619844	1	1	1	0	1546.16275	1524.73668	1529.02702
15.639843	1	1	1	0	1546.15828	1524.73856	1529.02892
15.659843	1	1	1	0	1546.16936	1524.73743	1529.02721
15.679843	1	1	1	0	1546.17247	1524.73592	1529.02322
15.699843	1	1	1	0	1546.15770	1524.73478	1529.02322
15.719842	1	1	1	0	1546.15537	1524.73668	1529.02512
15.739842	1	1	1	0	1546.16645	1524.73668	1529.02721
15.759842	1	1	1	0	1546.16547	1524.73668	1529.02721
15.779842	1	1	1	0	1546.16431	1524.73668	1529.02512
15.799842	1	1	1	0	1546.16431	1524.73554	1529.02512
15.819842	1	1	1	0	1546.16198	1524.73668	1529.02512
15.839841	1	1	1	0	1546.16936	1524.73554	1529.02892
15.859841	1	1	1	0	1546.16878	1524.73743	1529.02512
15.879841	1	1	1	0	1546.16042	1524.73630	1529.02911
15.899841	1	1	1	0	1546.17092	1524.73743	1529.02303
15.919841	1	1	1	0	1546.16275	1524.73819	1529.02512
15.939840	1	1	1	0	1546.16275	1524.73856	1529.02702
15.959840	1	1	1	0	1546.17150	1524.73365	1529.02702
15.979840	1	1	1	0	1546.16042	1524.73478	1529.02512
15.999840	1	1	1	0	1546.16198	1524.73592	1529.02493
16.019840	1	1	1	0	1546.15828	1524.73478	1529.02512
16.039840	1	1	1	0	1546.16275	1524.73781	1529.02702
16.059839	1	1	1	0	1546.16275	1524.73630	1529.02512
16.079839	1	1	1	0	1546.16431	1524.73932	1529.02531
16.099839	1	1	1	0	1546.15770	1524.73554	1529.02493
16.119838	1	1	1	0	1546.16431	1524.73478	1529.02512
16.139838	1	1	1	0	1546.15887	1524.73743	1529.02322
16.159838	1	1	1	0	1546.16645	1524.73856	1529.02892
16.179838	1	1	1	0	1546.16275	1524.73478	1529.02512
16.199838	1	1	1	0	1546.16431	1524.73743	1529.02113
16.219837	1	1	1	0	1546.16042	1524.73932	1529.02512
16.239837	1	1	1	0	1546.16489	1524.73856	1529.02702
16.259837	1	1	1	0	1546.15887	1524.73819	1529.02322
16.279837	1	1	1	0	1546.17092	1524.73630	1529.02512
16.299837	1	1	1	0	1546.15770	1524.73743	1529.02512
16.319837	1	1	1	0	1546.16703	1524.73819	1529.02721
16.339836	1	1	1	0	1546.15537	1524.73554	1529.02512
16.359836	1	1	1	0	1546.15770	1524.73668	1529.02702
16.379836	1	1	1	0	1546.16489	1524.73856	1529.02721
16.399836	1	1	1	0	1546.15887	1524.73554	1529.03101
16.419836	1	1	1	0	1546.15984	1524.73554	1529.02512
16.439835	1	1	1	0	1546.16431	1524.73554	1529.02721
16.459835	1	1	1	0	1546.16645	1524.73554	1529.02702
16.479835	1	1	1	0	1546.15381	1524.73743	1529.02303
16.499835	1	1	1	0	1546.15614	1524.73743	1529.02721
16.519835	1	1	1	0	1546.15614	1524.73630	1529.02702
16.539834	1	1	1	0	1546.16878	1524.73856	1529.02702
16.559834	1	1	1	0	1546.16275	1524.73668	1529.02702
16.579834	1	1	1	0	1546.16275	1524.73856	1529.02702
16.599834	1	1	1	0	1546.15770	1524.73668	1529.02303
16.619833	1	1	1	0	1546.16431	1524.73630	1529.02721
16.639833	1	1	1	0	1546.16703	1524.73743	1529.02721
16.659833	1	1	1	0	1546.16431	1524.73668	1529.02702
16.679833	1	1	1	0	1546.15673	1524.73819	1529.02512
16.699833	1	1	1	0	1546.16645	1524.73668	1529.02303
16.719832	1	1	1	0	1546.15828	1524.73478	1529.02702
16.739832	1	1	1	0	1546.15770	1524.73668	1529.02512
16.759832	1	1	1	0	1546.16275	1524.73554	1529.02512
16.779832	1	1	1	0	1546.15984	1524.73743	1529.02702
16.799832	1	1	1	0	1546.16645	1524.73668	1529.02303
16.819832	1	1	1	0	1546.17150	1524.73668	1529.02512
16.839831	1	1	1	0	1546.15984	1524.73668	1529.02531
16.859831	1	1	1	0	1546.15537	1524.73365	1529.02303
16.879831	1	1	1	0	1546.16703	1524.73478	1529.02512
16.899831	1	1	1	0	1546.16936	1524.73554	1529.02892
16.919831	1	1	1	0	1546.16275	1524.73554	1529.02512
16.939831	1	1	1	0	1546.16489	1524.73365	1529.02493
16.959830	1	1	1	0	1546.16489	1524.73554	1529.03101
16.979830	1	1	1	0	1546.16645	1524.73743	1529.02892
16.999830	1	1	1	0	1546.16197	1524.73365	1529.02493
17.019830	1	1	1	0	1546.16275	1524.73667	1529.02493
17.039829	1	1	1	0	1546.16197	1524.73743	1529.02512
17.059829	1	1	1	0	1546.15828	1524.73781	1529.02721
17.079829	1	1	1	0	1546.15983	1524.73554	1529.02721
17.099829	1	1	1	0	1546.16878	1524.73554	1529.02721
17.119829	1	1	1	0	1546.16042	1524.73856	1529.02512
17.139828	1	1	1	0	1546.16197	1524.73743	1529.02702
17.159828	1	1	1	0	1546.15983	1524.73629	1529.02721
17.179828	1	1	1	0	1546.16703	1524.73743	1529.02322
17.199828	1	1	1	0	1546.16489	1524.73743	1529.02721
17.219828	1	1	1	0	1546.15770	1524.73365	1529.02702
17.239827	1	1	1	0	1546.16197	1524.73667	1529.02892
17.259827	1	1	1	0	1546.15770	1524.73667	1529.02721
17.279827	1	1	1	0	1546.16936	1524.73667	1529.02512
17.299827	1	1	1	0	1546.16489	1524.73743	1529.02303
17.319827	1	1	1	0	1546.15983	1524.73667	1529.02702
17.339826	1	1	1	0	1546.16431	1524.73743	1529.02702
17.359826	1	1	1	0	1546.16275	1524.73743	1529.02892
17.379826	1	1	1	0	1546.15983	1524.73459	1529.02512
17.399826	1	1	1	0	1546.15770	1524.73856	1529.02512
17.419826	1	1	1	0	1546.16275	1524.73667	1529.02721
17.439825	1	1	1	0	1546.16645	1524.73629	1529.02702
17.459825	1	1	1	0	1546.15614	1524.73667	1529.02303
17.479825	1	1	1	0	1546.16489	1524.73365	1529.02512
17.499825	1	1	1	0	1546.15828	1524.73667	1529.02721
17.519825	1	1	1	0	1546.15673	1524.73629	1529.02892
17.539824	1	1	1	0	1546.16936	1524.73667	1529.02303
17.559824	1	1	1	0	1546.16197	1524.73667	1529.02892
17.579824	1	1	1	0	1546.16489	1524.73743	1529.02512
17.599824	1	1	1	0	1546.16372	1524.73743	1529.02512
17.619824	1	1	1	0	1546.15614	1524.73743	1529.02512
17.639823	1	1	1	0	1546.17091	1524.74008	1529.02512
17.659823	1	1	1	0	1546.16489	1524.73365	1529.02702
17.679823	1	1	1	0	1546.17364	1524.73629	1529.02702
17.699823	1	1	1	0	1546.15673	1524.73459	1529.02512
17.719822	1	1	1	0	1546.16275	1524.73743	1529.02702
17.739822	1	1	1	0	1546.15828	1524.73743	1529.02493
17.759822	1	1	1	0	1546.16275	1524.73554	1529.02493
17.779822	1	1	1	0	1546.16878	1524.73932	1529.02721
17.799822	1	1	1	0	1546.16275	1524.73932	1529.02702
17.819822	1	1	1	0	1546.16878	1524.73459	1529.02512
17.839821	1	1	1	0	1546.15828	1524.73743	1529.02702
17.859821	1	1	1	0	1546.16489	1524.73743	1529.02702
17.879821	1	1	1	0	1546.15381	1524.73743	1529.02702
17.899821	1	1	1	0	1546.15770	1524.73592	1529.02702
17.919821	1	1	1	0	1546.16878	1524.73743	1529.02721
17.939820	1	1	1	0	1546.16645	1524.73743	1529.02512
17.959820	1	1	1	0	1546.15828	1524.73554	1529.02512
17.979820	1	1	1	0	1546.16431	1524.73932	1529.02322
17.999820	1	1	1	0	1546.16645	1524.73667	1529.02702
18.019819	1	1	1	0	1546.15614	1524.73554	1529.02303
18.039819	1	1	1	0	1546.16275	1524.73743	1529.02303
18.059819	1	1	1	0	1546.16197	1524.73932	1529.02512
18.079819	1	1	1	0	1546.16489	1524.73346	1529.02512
18.099819	1	1	1	0	1546.16275	1524.73629	1529.02322
18.119818	1	1	1	0	1546.16489	1524.73932	1529.02493
18.139818	1	1	1	0	1546.16275	1524.73667	1529.02702
18.159818	1	1	1	0	1546.16333	1524.73856	1529.02911
18.179818	1	1	1	0	1546.16042	1524.73856	1529.02702
18.199818	1	1	1	0	1546.15828	1524.73667	1529.02702
18.219818	1	1	1	0	1546.16489	1524.73478	1529.02892
18.239817	1	1	1	0	1546.15886	1524.73592	1529.02702
18.259817	1	1	1	0	1546.15770	1524.73932	1529.02512
18.279817	1	1	1	0	1546.17208	1524.73592	1529.02303
18.299817	1	1	1	0	1546.16431	1524.73667	1529.02702
18.319817	1	1	1	0	1546.16042	1524.73365	1529.02702
18.339816	1	1	1	0	1546.16489	1524.73667	1529.02303
18.359816	1	1	1	0	1546.16489	1524.73629	1529.02512
18.379816	1	1	1	0	1546.16197	1524.73856	1529.02512
18.399816	1	1	1	0	1546.16703	1524.73743	1529.02702
18.419816	1	1	1	0	1546.15828	1524.73743	1529.02303
18.439815	1	1	1	0	1546.16645	1524.73667	1529.02892
18.459815	1	1	1	0	1546.16275	1524.73554	1529.02702
18.479815	1	1	1	0	1546.16042	1524.73365	1529.02702
18.499815	1	1	1	0	1546.16197	1524.73743	1529.02721
18.519814	1	1	1	0	1546.16489	1524.73629	1529.02721
18.539814	1	1	1	0	1546.16275	1524.73365	1529.02721
18.559814	1	1	1	0	1546.15983	1524.73667	1529.02683
18.579814	1	1	1	0	1546.16198	1524.73478	1529.02493
18.599814	1	1	1	0	1546.16042	1524.73668	1529.02702
18.619813	1	1	1	0	1546.17092	1524.73365	1529.02702
18.639813	1	1	1	0	1546.16645	1524.73932	1529.02702
18.659813	1	1	1	0	1546.17150	1524.73819	1529.02721
18.679813	1	1	1	0	1546.16645	1524.73478	1529.02512
18.699813	1	1	1	0	1546.15984	1524.73743	1529.02702
18.719812	1	1	1	0	1546.16431	1524.73668	1529.02512
18.739812	1	1	1	0	1546.16431	1524.73668	1529.02702
18.759812	1	1	1	0	1546.16645	1524.73668	1529.02721
18.779812	1	1	1	0	1546.16431	1524.73781	1529.02512
18.799812	1	1	1	0	1546.15770	1524.73743	1529.02892
18.819812	1	1	1	0	1546.15537	1524.73668	1529.02892
18.839811	1	1	1	0	1546.16431	1524.73856	1529.02702
18.859811	1	1	1	0	1546.16275	1524.73554	1529.02702
18.879811	1	1	1	0	1546.17306	1524.73932	1529.02322
18.899811	1	1	1	0	1546.16198	1524.73819	1529.02531
18.919811	1	1	1	0	1546.16275	1524.73743	1529.02493
18.939811	1	1	1	0	1546.15984	1524.73856	1529.02702
18.959810	1	1	1	0	1546.15828	1524.73478	1529.02512
18.979810	1	1	1	0	1546.16489	1524.73743	1529.02702
18.999810	1	1	1	0	1546.16275	1524.73289	1529.02892
19.019810	1	1	1	0	1546.16198	1524.73365	1529.02512
19.039809	1	1	1	0	1546.16198	1524.73554	1529.02721
19.059809	1	1	1	0	1546.17364	1524.73668	1529.02721
19.079809	1	1	1	0	1546.15614	1524.73743	1529.02512
19.099809	1	1	1	0	1546.15381	1524.73668	1529.02702
19.119808	1	1	1	0	1546.16120	1524.73554	1529.02702
19.139808	1	1	1	0	1546.16275	1524.73554	1529.02512
19.159808	1	1	1	0	1546.15984	1524.73743	1529.02322
19.179808	1	1	1	0	1546.16936	1524.73932	1529.02702
19.199808	1	1	1	0	1546.16547	1524.73743	1529.02702
19.219808	1	1	1	0	1546.16198	1524.73460	1529.02512
19.239807	1	1	1	0	1546.15537	1524.73856	1529.02911
19.259807	1	1	1	0	1546.16042	1524.73554	1529.02512
19.279807	1	1	1	0	1546.16936	1524.73743	1529.02512
19.299807	1	1	1	0	1546.16198	1524.73554	1529.02721
19.319807	1	1	1	0	1546.16431	1524.73554	1529.02493
19.339807	1	1	1	0	1546.16936	1524.73554	1529.02892
19.359806	1	1	1	0	1546.15984	1524.73554	1529.02702
19.379806	1	1	1	0	1546.16489	1524.73554	1529.02702
19.399806	1	1	1	0	1546.16645	1524.73554	1529.02303
19.419806	1	1	1	0	1546.16334	1524.73668	1529.02512
19.439806	1	1	1	0	1546.17364	1524.73554	1529.02512
19.459805	1	1	1	0	1546.15984	1524.73668	1529.02721
19.479805	1	1	1	0	1546.16878	1524.73668	1529.02702
19.499805	1	1	1	0	1546.17092	1524.73554	1529.02322
19.519805	1	1	1	0	1546.15984	1524.73743	1529.02702
19.539804	1	1	1	0	1546.16042	1524.73554	1529.02702
19.559804	1	1	1	0	1546.16042	1524.73554	1529.02702
19.579804	1	1	1	0	1546.15828	1524.73554	1529.02512
19.599804	1	1	1	0	1546.17092	1524.73932	1529.02702
19.619803	1	1	1	0	1546.16275	1524.73743	1529.02892
19.639803	1	1	1	0	1546.16431	1524.73743	1529.02303
19.659803	1	1	1	0	1546.16198	1524.73365	1529.02512
19.679803	1	1	1	0	1546.17150	1524.73478	1529.02512
19.699803	1	1	1	0	1546.15984	1524.73630	1529.02721
19.719803	1	1	1	0	1546.16878	1524.73668	1529.02721
19.739802	1	1	1	0	1546.16275	1524.73554	1529.02512
19.759802	1	1	1	0	1546.15984	1524.73743	1529.02702
19.779802	1	1	1	0	1546.16275	1524.73478	1529.02303
19.799802	1	1	1	0	1546.16042	1524.73743	1529.02892
19.819802	1	1	1	0	1546.15381	1524.73554	1529.02512
19.839801	1	1	1	0	1546.15828	1524.73668	1529.02512
19.859801	1	1	1	0	1546.16275	1524.73668	1529.02512
19.879801	1	1	1	0	1546.16275	1524.73554	1529.02702
19.899801	1	1	1	0	1546.16042	1524.73630	1529.02721
19.919801	1	1	1	0	1546.15887	1524.73554	1529.02892
19.939801	1	1	1	0	1546.16334	1524.73630	1529.02512
19.959800	1	1	1	0	1546.16645	1524.73668	1529.02512
19.979800	1	1	1	0	1546.15828	1524.73478	1529.02512
19.999800	1	1	1	0	1546.16275	1524.73856	1529.02892
20.019799	1	1	1	0	1546.15828	1524.73668	1529.02512
20.039799	1	1	1	0	1546.15828	1524.73630	1529.02892
20.059799	1	1	1	0	1546.16275	1524.73932	1529.02721
20.079799	1	1	1	0	1546.15828	1524.73460	1529.02892
20.099799	1	1	1	0	1546.15828	1524.73932	1529.02721
20.119798	1	1	1	0	1546.16198	1524.73554	1529.02531
20.139799	1	1	1	0	1546.15984	1524.73819	1529.02512
20.159798	1	1	1	0	1546.16431	1524.73856	1529.02702
20.179798	1	1	1	0	1546.16645	1524.73932	1529.02702
20.199798	1	1	1	0	1546.16431	1524.73478	1529.02721
20.219797	1	1	1	0	1546.16703	1524.73856	1529.02512
20.239797	1	1	1	0	1546.16431	1524.73478	1529.02702
20.259797	1	1	1	0	1546.16780	1524.73667	1529.02531
20.279797	1	1	1	0	1546.15614	1524.73554	1529.02512
20.299797	1	1	1	0	1546.16489	1524.73932	1529.02512
20.319796	1	1	1	0	1546.16275	1524.73743	1529.02721
20.339796	1	1	1	0	1546.16431	1524.73667	1529.02702
20.359796	1	1	1	0	1546.15614	1524.73554	1529.02892
20.379796	1	1	1	0	1546.16275	1524.73743	1529.02892
20.399796	1	1	1	0	1546.16042	1524.73554	1529.02512
20.419796	1	1	1	0	1546.15323	1524.73478	1529.02911
20.439795	1	1	1	0	1546.16586	1524.73856	1529.02702
20.459795	1	1	1	0	1546.15167	1524.73667	1529.02702
20.479795	1	1	1	0	1546.15983	1524.73478	1529.02512
20.499795	1	1	1	0	1546.16197	1524.73743	1529.02493
20.519794	1	1	1	0	1546.16197	1524.73554	1529.02512
20.539794	1	1	1	0	1546.16042	1524.73478	1529.02322
20.559794	1	1	1	0	1546.15614	1524.73478	1529.02512
20.579794	1	1	1	0	1546.16197	1524.74121	1529.02892
20.599794	1	1	1	0	1546.16489	1524.73554	1529.02721
20.619793	1	1	1	0	1546.16275	1524.73743	1529.02892
20.639793	1	1	1	0	1546.16042	1524.73554	1529.02322
20.659793	1	1	1	0	1546.17150	1524.73667	1529.02322
20.679793	1	1	1	0	1546.16372	1524.73856	1529.02721
20.699793	1	1	1	0	1546.16275	1524.73554	1529.02512
20.719792	1	1	1	0	1546.16645	1524.73667	1529.02911
20.739792	1	1	1	0	1546.15983	1524.73743	1529.02702
20.759792	1	1	1	0	1546.15770	1524.73743	1529.02303
20.779792	1	1	1	0	1546.16645	1524.73554	1529.02531
20.799792	1	1	1	0	1546.16042	1524.73554	1529.02322
20.819792	1	1	1	0	1546.16431	1524.73554	1529.02702
20.839791	1	1	1	0	1546.16489	1524.73554	1529.02303
20.859791	1	1	1	0	1546.16800	1524.73667	1529.02303
20.879791	1	1	1	0	1546.16936	1524.73554	1529.02322
20.899791	1	1	1	0	1546.15323	1524.74045	1529.02721
20.919791	1	1	1	0	1546.15167	1524.73554	1529.02702
20.939790	1	1	1	0	1546.15614	1524.73932	1529.02303
20.959790	1	1	1	0	1546.16547	1524.73743	1529.02512
20.979790	1	1	1	0	1546.16489	1524.73478	1529.03101
20.999790	1	1	1	0	1546.15770	1524.73629	1529.02512
21.019789	1	1	1	0	1546.15770	1524.73743	1529.02702
21.039789	1	1	1	0	1546.16703	1524.73932	1529.02512
21.059789	1	1	1	0	1546.16197	1524.73554	1529.02911
21.079789	1	1	1	0	1546.16197	1524.73856	1529.02512
21.099789	1	1	1	0	1546.16431	1524.73667	1529.02892
21.119788	1	1	1	0	1546.17091	1524.73743	1529.02512
21.139789	1	1	1	0	1546.16431	1524.73743	1529.02512
21.159788	1	1	1	0	1546.15828	1524.73554	1529.02702
21.179788	1	1	1	0	1546.16780	1524.73781	1529.02892
21.199788	1	1	1	0	1546.16431	1524.73743	1529.02512
21.219788	1	1	1	0	1546.16197	1524.73819	1529.02702
21.239787	1	1	1	0	1546.16936	1524.73743	1529.02892
21.259787	1	1	1	0	1546.17033	1524.73478	1529.02512
21.279787	1	1	1	0	1546.15614	1524.73667	1529.02702
21.299787	1	1	1	0	1546.16703	1524.73781	1529.02702
21.319787	1	1	1	0	1546.16645	1524.73554	1529.02702
21.339786	1	1	1	0	1546.15614	1524.73856	1529.02721
21.359786	1	1	1	0	1546.16645	1524.73743	1529.02911
21.379786	1	1	1	0	1546.15770	1524.73554	1529.02892
21.399786	1	1	1	0	1546.16489	1524.73932	1529.02702
21.419785	1	1	1	0	1546.15983	1524.73478	1529.02721
21.439785	1	1	1	0	1546.15828	1524.73932	1529.02702
21.459785	1	1	1	0	1546.17091	1524.74593	1529.02892
21.479785	1	1	1	0	1546.15828	1524.75312	1529.02512
21.499785	1	1	1	0	1546.16431	1524.76352	1529.02702
21.519785	1	1	1	0	1546.16042	1524.75312	1529.02512
21.539784	1	1	1	0	1546.16703	1524.74858	1529.02702
21.559784	1	1	1	0	1546.15770	1524.73743	1529.02892
21.579784	1	1	1	0	1546.16936	1524.73743	1529.02702
21.599784	1	1	1	0	1546.16042	1524.73667	1529.02721
21.619783	1	1	1	0	1546.16431	1524.73856	1529.02702
21.639783	1	1	1	0	1546.16372	1524.74121	1529.02512
21.659783	1	1	1	0	1546.14740	1524.73932	1529.02892
21.679783	1	1	1	0	1546.16645	1524.73932	1529.02721
21.699783	1	1	1	0	1546.16936	1524.73932	1529.02512
21.719783	1	1	1	0	1546.15614	1524.73629	1529.02113
21.739782	1	1	1	0	1546.16197	1524.73119	1529.02721
21.759782	1	1	1	0	1546.16703	1524.73119	1529.02702
