0.020000	1	1	1	0	1546.16879	1524.74312	1529.02913
0.039999	1	1	1	0	1546.16646	1524.73952	1529.02703
0.059999	1	1	1	0	1546.16277	1524.74009	1529.02304
0.079999	1	1	1	0	1546.16491	1524.74047	1529.02513
0.099999	1	1	1	0	1546.16044	1524.74123	1529.02513
0.119999	1	1	1	0	1546.15616	1524.74123	1529.02723
0.139999	1	1	1	0	1546.15830	1524.74009	1529.02703
0.159998	1	1	1	0	1546.16277	1524.73952	1529.02703
0.179998	1	1	1	0	1546.16277	1524.73934	1529.02703
0.199998	1	1	1	0	1546.16491	1524.73934	1529.02304
0.219998	1	1	1	0	1546.15985	1524.73934	1529.02703
0.239998	1	1	1	0	1546.16432	1524.74047	1529.02513
0.259997	1	1	1	0	1546.16879	1524.74217	1529.02703
0.279997	1	1	1	0	1546.16704	1524.74198	1529.02703
0.299997	1	1	1	0	1546.15111	1524.74198	1529.02703
0.319997	1	1	1	0	1546.15985	1524.74123	1529.02704
0.339997	1	1	1	0	1546.16433	1524.74009	1529.02704
0.359996	1	1	1	0	1546.16433	1524.74123	1529.02514
0.379996	1	1	1	0	1546.16199	1524.73858	1529.02514
0.399996	1	1	1	0	1546.16044	1524.74198	1529.02514
0.419996	1	1	1	0	1546.15772	1524.74312	1529.02704
0.439996	1	1	1	0	1546.16199	1524.74123	1529.02704
0.459996	1	1	1	0	1546.16199	1524.74047	1529.02514
0.479995	1	1	1	0	1546.16277	1524.74198	1529.02704
0.499995	1	1	1	0	1546.16044	1524.74312	1529.02894
0.519995	1	1	1	0	1546.16277	1524.73820	1529.02114
0.539994	1	1	1	0	1546.16433	1524.74123	1529.02304
0.559994	1	1	1	0	1546.16491	1524.74123	1529.02495
0.579994	1	1	1	0	1546.17365	1524.74312	1529.02704
0.599994	1	1	1	0	1546.16705	1524.74406	1529.02723
0.619994	1	1	1	0	1546.15616	1524.74312	1529.02514
0.639994	1	1	1	0	1546.16199	1524.74142	1529.02514
0.659993	1	1	1	0	1546.16044	1524.74217	1529.02894
0.679993	1	1	1	0	1546.16199	1524.74198	1529.02304
0.699993	1	1	1	0	1546.16199	1524.73934	1529.02704
0.719993	1	1	1	0	1546.16044	1524.73934	1529.02723
0.739993	1	1	1	0	1546.16199	1524.74047	1529.02514
0.759992	1	1	1	0	1546.16277	1524.74198	1529.02723
0.779992	1	1	1	0	1546.15830	1524.74085	1529.02533
0.799992	1	1	1	0	1546.15830	1524.74123	1529.02894
0.819992	1	1	1	0	1546.16646	1524.74047	1529.02704
0.839992	1	1	1	0	1546.15985	1524.74123	1529.02514
0.859991	1	1	1	0	1546.15830	1524.74217	1529.02704
0.879991	1	1	1	0	1546.16199	1524.73858	1529.02894
0.899991	1	1	1	0	1546.16588	1524.74047	1529.02723
0.919991	1	1	1	0	1546.16491	1524.74217	1529.02514
0.939991	1	1	1	0	1546.16277	1524.74047	1529.02514
0.959991	1	1	1	0	1546.16646	1524.74123	1529.02514
0.979990	1	1	1	0	1546.15538	1524.74198	1529.02514
0.999990	1	1	1	0	1546.15927	1524.74217	1529.02304
1.019990	1	1	1	0	1546.15985	1524.73934	1529.02324
1.039990	1	1	1	0	1546.16646	1524.74217	1529.02304
1.059989	1	1	1	0	1546.16199	1524.74085	1529.02514
1.079989	1	1	1	0	1546.15616	1524.74123	1529.02723
1.099989	1	1	1	0	1546.15616	1524.74047	1529.02495
1.119989	1	1	1	0	1546.16044	1524.74123	1529.02704
1.139989	1	1	1	0	1546.15830	1524.74123	1529.02495
1.159988	1	1	1	0	1546.16199	1524.73934	1529.02514
1.179988	1	1	1	0	1546.15830	1524.74123	1529.02495
1.199988	1	1	1	0	1546.15986	1524.74123	1529.02514
1.219988	1	1	1	0	1546.15830	1524.74218	1529.02723
1.239988	1	1	1	0	1546.16044	1524.74312	1529.02514
1.259987	1	1	1	0	1546.17152	1524.74218	1529.02514
1.279987	1	1	1	0	1546.16938	1524.74123	1529.02514
1.299987	1	1	1	0	1546.15325	1524.74047	1529.02704
1.319987	1	1	1	0	1546.16433	1524.74047	1529.02704
1.339987	1	1	1	0	1546.15772	1524.74312	1529.02514
1.359987	1	1	1	0	1546.16277	1524.73934	1529.02115
1.379986	1	1	1	0	1546.15986	1524.74218	1529.02704
1.399986	1	1	1	0	1546.16938	1524.73934	1529.02533
1.419986	1	1	1	0	1546.16277	1524.74123	1529.02704
1.439986	1	1	1	0	1546.16433	1524.74218	1529.02704
1.459985	1	1	1	0	1546.16433	1524.74123	1529.02514
1.479985	1	1	1	0	1546.15772	1524.74123	1529.02704
1.499985	1	1	1	0	1546.15616	1524.74123	1529.02514
1.519985	1	1	1	0	1546.16044	1524.74010	1529.02514
1.539984	1	1	1	0	1546.15772	1524.74123	1529.02894
1.559984	1	1	1	0	1546.16433	1524.74047	1529.02704
1.579984	1	1	1	0	1546.15539	1524.74218	1529.02533
1.599984	1	1	1	0	1546.16938	1524.74010	1529.02514
1.619984	1	1	1	0	1546.16199	1524.74123	1529.02723
1.639984	1	1	1	0	1546.16277	1524.73934	1529.02894
1.659983	1	1	1	0	1546.16783	1524.74123	1529.02514
1.679983	1	1	1	0	1546.16044	1524.74010	1529.02514
1.699983	1	1	1	0	1546.15325	1524.74123	1529.02305
1.719983	1	1	1	0	1546.16647	1524.74407	1529.02704
1.739983	1	1	1	0	1546.16647	1524.74010	1529.02514
1.759982	1	1	1	0	1546.15111	1524.74123	1529.02704
1.779983	1	1	1	0	1546.16277	1524.74218	1529.02514
1.799982	1	1	1	0	1546.16199	1524.74010	1529.02514
1.819982	1	1	1	0	1546.15772	1524.74047	1529.02305
1.839982	1	1	1	0	1546.16199	1524.74312	1529.02305
1.859982	1	1	1	0	1546.16549	1524.74047	1529.02514
1.879981	1	1	1	0	1546.15986	1524.74010	1529.02514
1.899981	1	1	1	0	1546.16491	1524.73934	1529.02514
1.919981	1	1	1	0	1546.16938	1524.74218	1529.02514
1.939981	1	1	1	0	1546.16277	1524.74123	1529.02324
1.959980	1	1	1	0	1546.15616	1524.74199	1529.02704
1.979980	1	1	1	0	1546.16433	1524.74218	1529.02704
1.999980	1	1	1	0	1546.15830	1524.73934	1529.02514
2.019980	1	1	1	0	1546.16433	1524.74199	1529.02704
2.039979	1	1	1	0	1546.16199	1524.74312	1529.02115
2.059979	1	1	1	0	1546.15830	1524.74047	1529.02894
2.079979	1	1	1	0	1546.16044	1524.74123	1529.02704
2.099979	1	1	1	0	1546.16277	1524.74199	1529.02704
2.119979	1	1	1	0	1546.16199	1524.73934	1529.02514
2.139979	1	1	1	0	1546.17152	1524.74123	1529.02723
2.159978	1	1	1	0	1546.17307	1524.73858	1529.02704
2.179978	1	1	1	0	1546.15539	1524.74047	1529.02514
2.199978	1	1	1	0	1546.16880	1524.73934	1529.02894
2.219978	1	1	1	0	1546.15830	1524.74123	1529.02704
2.239978	1	1	1	0	1546.16996	1524.74047	1529.02305
2.259977	1	1	1	0	1546.15986	1524.74123	1529.02305
2.279977	1	1	1	0	1546.16199	1524.73858	1529.02514
2.299977	1	1	1	0	1546.16880	1524.74123	1529.02514
2.319977	1	1	1	0	1546.16647	1524.74142	1529.02894
2.339977	1	1	1	0	1546.16491	1524.74312	1529.02723
2.359976	1	1	1	0	1546.16880	1524.74218	1529.02495
2.379976	1	1	1	0	1546.15830	1524.74123	1529.02305
2.399976	1	1	1	0	1546.16938	1524.73858	1529.02514
2.419976	1	1	1	0	1546.16277	1524.74123	1529.02704
2.439976	1	1	1	0	1546.16433	1524.74123	1529.02704
2.459975	1	1	1	0	1546.15986	1524.74010	1529.02514
2.479975	1	1	1	0	1546.15986	1524.74407	1529.02514
2.499975	1	1	1	0	1546.16044	1524.74199	1529.02514
2.519975	1	1	1	0	1546.15830	1524.74123	1529.02704
2.539975	1	1	1	0	1546.15616	1524.74123	1529.02723
2.559974	1	1	1	0	1546.16277	1524.73745	1529.02704
2.579974	1	1	1	0	1546.16277	1524.74123	1529.02514
2.599974	1	1	1	0	1546.15830	1524.74047	1529.02704
2.619974	1	1	1	0	1546.15772	1524.74123	1529.02514
2.639974	1	1	1	0	1546.16199	1524.73934	1529.02514
2.659973	1	1	1	0	1546.15772	1524.74199	1529.02514
2.679973	1	1	1	0	1546.16199	1524.74123	1529.02704
2.699973	1	1	1	0	1546.15772	1524.73858	1529.02514
2.719973	1	1	1	0	1546.16491	1524.74047	1529.02704
2.739973	1	1	1	0	1546.15772	1524.74123	1529.02704
2.759972	1	1	1	0	1546.15539	1524.74123	1529.02514
2.779972	1	1	1	0	1546.16199	1524.74312	1529.02514
2.799972	1	1	1	0	1546.16647	1524.74010	1529.02514
2.819972	1	1	1	0	1546.15325	1524.74010	1529.02514
2.839972	1	1	1	0	1546.15986	1524.74388	1529.02324
2.859971	1	1	1	0	1546.16199	1524.74010	1529.02723
2.879971	1	1	1	0	1546.16588	1524.74199	1529.02704
2.899971	1	1	1	0	1546.15383	1524.73934	1529.02894
2.919971	1	1	1	0	1546.16199	1524.73934	1529.02514
2.939970	1	1	1	0	1546.16199	1524.73934	1529.02704
2.959970	1	1	1	0	1546.16491	1524.73934	1529.02704
2.979970	1	1	1	0	1546.16277	1524.73934	1529.02533
2.999970	1	1	1	0	1546.16880	1524.74123	1529.02704
3.019970	1	1	1	0	1546.16433	1524.74047	1529.02704
3.039970	1	1	1	0	1546.15383	1524.73934	1529.02514
3.059969	1	1	1	0	1546.15325	1524.74199	1529.02894
3.079969	1	1	1	0	1546.15616	1524.74123	1529.02305
3.099969	1	1	1	0	1546.16491	1524.74123	1529.02514
3.119969	1	1	1	0	1546.16880	1524.74047	1529.02495
3.139969	1	1	1	0	1546.16433	1524.74047	1529.02305
3.159968	1	1	1	0	1546.15986	1524.74047	1529.02324
3.179968	1	1	1	0	1546.15888	1524.74123	1529.02514
3.199968	1	1	1	0	1546.16705	1524.74123	1529.02324
3.219968	1	1	1	0	1546.16433	1524.74123	1529.02704
3.239968	1	1	1	0	1546.16277	1524.74123	1529.02704
3.259967	1	1	1	0	1546.15772	1524.73953	1529.02704
3.279967	1	1	1	0	1546.15986	1524.74123	1529.02514
3.299967	1	1	1	0	1546.15539	1524.74218	1529.02514
3.319967	1	1	1	0	1546.15772	1524.74047	1529.02324
3.339967	1	1	1	0	1546.15539	1524.73858	1529.02704
3.359966	1	1	1	0	1546.15830	1524.74010	1529.02305
3.379966	1	1	1	0	1546.15325	1524.74010	1529.02514
3.399966	1	1	1	0	1546.16277	1524.74010	1529.02514
3.419966	1	1	1	0	1546.15986	1524.74047	1529.02723
3.439966	1	1	1	0	1546.16044	1524.73934	1529.02514
3.459965	1	1	1	0	1546.16647	1524.74199	1529.02704
3.479965	1	1	1	0	1546.15830	1524.74218	1529.02723
3.499965	1	1	1	0	1546.15888	1524.73934	1529.02894
3.519965	1	1	1	0	1546.15830	1524.74199	1529.02704
3.539964	1	1	1	0	1546.16705	1524.74010	1529.02704
3.559964	1	1	1	0	1546.16433	1524.74123	1529.02305
3.579964	1	1	1	0	1546.16705	1524.73934	1529.02514
3.599964	1	1	1	0	1546.15539	1524.74123	1529.02704
3.619964	1	1	1	0	1546.16880	1524.74123	1529.02723
3.639963	1	1	1	0	1546.16491	1524.73934	1529.02704
3.659963	1	1	1	0	1546.15986	1524.74123	1529.02514
3.679963	1	1	1	0	1546.15986	1524.74047	1529.02514
3.699963	1	1	1	0	1546.17307	1524.74123	1529.02514
3.719963	1	1	1	0	1546.16277	1524.74123	1529.02723
3.739963	1	1	1	0	1546.16705	1524.74123	1529.02514
3.759962	1	1	1	0	1546.15927	1524.73934	1529.02704
3.779962	1	1	1	0	1546.15986	1524.74010	1529.02704
3.799962	1	1	1	0	1546.16277	1524.74010	1529.02514
3.819962	1	1	1	0	1546.16199	1524.73934	1529.02514
3.839962	1	1	1	0	1546.16647	1524.74047	1529.02723
3.859961	1	1	1	0	1546.15772	1524.74123	1529.02514
3.879961	1	1	1	0	1546.15830	1524.74123	1529.02305
3.899961	1	1	1	0	1546.15830	1524.73934	1529.02704
3.919961	1	1	1	0	1546.15986	1524.74123	1529.02723
3.939961	1	1	1	0	1546.16647	1524.73934	1529.02514
3.959960	1	1	1	0	1546.16374	1524.74123	1529.02514
3.979960	1	1	1	0	1546.16433	1524.73934	1529.02286
3.999960	1	1	1	0	1546.15830	1524.73934	1529.02495
4.019960	1	1	1	0	1546.16647	1524.74199	1529.02514
4.039960	1	1	1	0	1546.16433	1524.74388	1529.02894
4.059959	1	1	1	0	1546.16433	1524.74010	1529.02704
4.079959	1	1	1	0	1546.16647	1524.73858	1529.02514
4.099959	1	1	1	0	1546.16647	1524.73556	1529.02704
4.119959	1	1	1	0	1546.16277	1524.74123	1529.02305
4.139959	1	1	1	0	1546.15830	1524.74218	1529.02514
4.159958	1	1	1	0	1546.16199	1524.73934	1529.02894
4.179958	1	1	1	0	1546.16044	1524.74047	1529.02894
4.199958	1	1	1	0	1546.15694	1524.74123	1529.02704
4.219958	1	1	1	0	1546.16938	1524.74123	1529.02514
4.239958	1	1	1	0	1546.16122	1524.74123	1529.02704
4.259957	1	1	1	0	1546.16647	1524.74123	1529.02324
4.279957	1	1	1	0	1546.15616	1524.74312	1529.02894
4.299957	1	1	1	0	1546.15772	1524.74123	1529.02514
4.319957	1	1	1	0	1546.15830	1524.73934	1529.02514
4.339957	1	1	1	0	1546.16199	1524.74047	1529.02514
4.359957	1	1	1	0	1546.16044	1524.74123	1529.02324
4.379956	1	1	1	0	1546.15830	1524.74123	1529.02894
4.399956	1	1	1	0	1546.16141	1524.74123	1529.02305
4.419956	1	1	1	0	1546.15772	1524.74047	1529.02514
4.439956	1	1	1	0	1546.16433	1524.74010	1529.02704
4.459955	1	1	1	0	1546.15830	1524.74312	1529.02514
4.479955	1	1	1	0	1546.15616	1524.74010	1529.02704
4.499955	1	1	1	0	1546.15616	1524.73745	1529.02894
4.519955	1	1	1	0	1546.15539	1524.74010	1529.02495
4.539954	1	1	1	0	1546.16491	1524.74123	1529.02324
4.559954	1	1	1	0	1546.16783	1524.74010	1529.02514
4.579954	1	1	1	0	1546.16549	1524.74123	1529.02894
4.599954	1	1	1	0	1546.15888	1524.73934	1529.02115
4.619954	1	1	1	0	1546.16433	1524.74199	1529.02704
4.639954	1	1	1	0	1546.15616	1524.74047	1529.02514
4.659953	1	1	1	0	1546.15539	1524.73745	1529.02704
4.679953	1	1	1	0	1546.16277	1524.74218	1529.02894
4.699953	1	1	1	0	1546.16433	1524.74010	1529.02704
4.719953	1	1	1	0	1546.15830	1524.74123	1529.02704
4.739953	1	1	1	0	1546.15772	1524.74123	1529.02723
4.759953	1	1	1	0	1546.15539	1524.74010	1529.02704
4.779952	1	1	1	0	1546.15694	1524.74010	1529.02514
4.799952	1	1	1	0	1546.15772	1524.74218	1529.02704
4.819952	1	1	1	0	1546.15772	1524.74010	1529.02704
4.839952	1	1	1	0	1546.16044	1524.74218	1529.02514
4.859951	1	1	1	0	1546.16491	1524.74047	1529.02514
4.879951	1	1	1	0	1546.16647	1524.73934	1529.02704
4.899951	1	1	1	0	1546.15986	1524.74123	1529.02894
4.919951	1	1	1	0	1546.16491	1524.74010	1529.02514
4.939950	1	1	1	0	1546.16433	1524.74047	1529.02514
4.959950	1	1	1	0	1546.16491	1524.74085	1529.02894
4.979950	1	1	1	0	1546.15772	1524.74199	1529.02704
4.999950	1	1	1	0	1546.16647	1524.74010	1529.02115
5.019950	1	1	1	0	1546.16491	1524.74047	1529.02704
5.039949	1	1	1	0	1546.16647	1524.73821	1529.02704
5.059949	1	1	1	0	1546.16199	1524.73821	1529.02723
5.079949	1	1	1	0	1546.16277	1524.74312	1529.02514
5.099949	1	1	1	0	1546.15986	1524.74218	1529.02514
5.119949	1	1	1	0	1546.16802	1524.74407	1529.02514
5.139949	1	1	1	0	1546.15539	1524.74010	1529.02704
5.159948	1	1	1	0	1546.16277	1524.74142	1529.02514
5.179948	1	1	1	0	1546.16433	1524.74047	1529.02514
5.199948	1	1	1	0	1546.16938	1524.73745	1529.02894
5.219948	1	1	1	0	1546.16044	1524.74123	1529.02704
5.239948	1	1	1	0	1546.15888	1524.73934	1529.02533
5.259947	1	1	1	0	1546.16277	1524.73858	1529.02723
5.279947	1	1	1	0	1546.15986	1524.74312	1529.02514
5.299947	1	1	1	0	1546.15888	1524.74312	1529.02704
5.319947	1	1	1	0	1546.15986	1524.74123	1529.02514
5.339947	1	1	1	0	1546.16277	1524.74123	1529.02514
5.359946	1	1	1	0	1546.16705	1524.74123	1529.02704
5.379946	1	1	1	0	1546.15772	1524.74047	1529.02704
5.399946	1	1	1	0	1546.17307	1524.74123	1529.02894
5.419946	1	1	1	0	1546.15772	1524.73934	1529.02704
5.439945	1	1	1	0	1546.15539	1524.73821	1529.02324
5.459945	1	1	1	0	1546.16044	1524.74047	1529.02305
5.479945	1	1	1	0	1546.16880	1524.74010	1529.02514
5.499945	1	1	1	0	1546.16647	1524.74123	1529.02495
5.519945	1	1	1	0	1546.16433	1524.74388	1529.02514
5.539945	1	1	1	0	1546.15986	1524.74010	1529.02514
5.559944	1	1	1	0	1546.16277	1524.74123	1529.02305
5.579944	1	1	1	0	1546.16199	1524.73858	1529.02514
5.599944	1	1	1	0	1546.15830	1524.73934	1529.02305
5.619944	1	1	1	0	1546.15772	1524.74199	1529.02894
5.639944	1	1	1	0	1546.16491	1524.73934	1529.02704
5.659944	1	1	1	0	1546.16647	1524.73745	1529.02704
5.679943	1	1	1	0	1546.15830	1524.73934	1529.02704
5.699943	1	1	1	0	1546.15772	1524.73934	1529.02514
5.719943	1	1	1	0	1546.16199	1524.74123	1529.02704
5.739943	1	1	1	0	1546.16433	1524.74010	1529.02723
5.759942	1	1	1	0	1546.16044	1524.73934	1529.02894
5.779942	1	1	1	0	1546.16647	1524.73858	1529.02514
5.799942	1	1	1	0	1546.17541	1524.74199	1529.02514
5.819942	1	1	1	0	1546.16491	1524.73934	1529.02514
5.839942	1	1	1	0	1546.16491	1524.74199	1529.02514
5.859941	1	1	1	0	1546.15539	1524.73934	1529.02704
5.879941	1	1	1	0	1546.15539	1524.74123	1529.02514
5.899941	1	1	1	0	1546.15772	1524.74312	1529.02704
5.919941	1	1	1	0	1546.16277	1524.74123	1529.02704
5.939940	1	1	1	0	1546.16199	1524.74123	1529.02704
5.959940	1	1	1	0	1546.15616	1524.74123	1529.02495
5.979940	1	1	1	0	1546.16491	1524.74388	1529.02704
5.999940	1	1	1	0	1546.15480	1524.74123	1529.02704
6.019940	1	1	1	0	1546.16044	1524.74199	1529.02704
6.039940	1	1	1	0	1546.15830	1524.73858	1529.02514
6.059940	1	1	1	0	1546.16433	1524.74312	1529.02514
6.079939	1	1	1	0	1546.15830	1524.73934	1529.02305
6.099939	1	1	1	0	1546.15772	1524.73934	1529.02514
6.119939	1	1	1	0	1546.16199	1524.74047	1529.03103
6.139939	1	1	1	0	1546.15325	1524.73934	1529.02514
6.159938	1	1	1	0	1546.16938	1524.74010	1529.02324
6.179938	1	1	1	0	1546.16647	1524.73934	1529.02704
6.199938	1	1	1	0	1546.16433	1524.74047	1529.02514
6.219938	1	1	1	0	1546.16044	1524.74123	1529.02514
6.239938	1	1	1	0	1546.15772	1524.73858	1529.02514
6.259937	1	1	1	0	1546.16491	1524.74047	1529.02704
6.279937	1	1	1	0	1546.16044	1524.73934	1529.02514
6.299937	1	1	1	0	1546.16938	1524.74123	1529.02514
6.319937	1	1	1	0	1546.15772	1524.73934	1529.02495
6.339936	1	1	1	0	1546.16277	1524.73934	1529.02704
6.359936	1	1	1	0	1546.16647	1524.73934	1529.02704
6.379936	1	1	1	0	1546.15616	1524.73934	1529.02704
6.399936	1	1	1	0	1546.16044	1524.73934	1529.02324
6.419936	1	1	1	0	1546.16199	1524.74199	1529.02704
6.439936	1	1	1	0	1546.16199	1524.74047	1529.02704
6.459935	1	1	1	0	1546.16044	1524.74199	1529.02704
6.479935	1	1	1	0	1546.15111	1524.73858	1529.02723
6.499935	1	1	1	0	1546.16705	1524.74010	1529.02305
6.519935	1	1	1	0	1546.15539	1524.73934	1529.02723
6.539935	1	1	1	0	1546.16433	1524.73934	1529.02514
6.559934	1	1	1	0	1546.16647	1524.74123	1529.02704
6.579934	1	1	1	0	1546.15325	1524.74218	1529.02495
6.599934	1	1	1	0	1546.15325	1524.73934	1529.02514
6.619934	1	1	1	0	1546.16277	1524.74047	1529.02514
6.639934	1	1	1	0	1546.16199	1524.74123	1529.02514
6.659933	1	1	1	0	1546.16433	1524.73934	1529.02685
6.679933	1	1	1	0	1546.16044	1524.74123	1529.02495
6.699933	1	1	1	0	1546.15772	1524.73934	1529.02704
6.719933	1	1	1	0	1546.16044	1524.73896	1529.02894
6.739933	1	1	1	0	1546.16647	1524.74047	1529.02495
6.759932	1	1	1	0	1546.16044	1524.74010	1529.02704
6.779932	1	1	1	0	1546.16277	1524.74047	1529.02894
6.799932	1	1	1	0	1546.15539	1524.74312	1529.02514
6.819932	1	1	1	0	1546.16044	1524.74123	1529.02704
6.839932	1	1	1	0	1546.15383	1524.74123	1529.02305
6.859931	1	1	1	0	1546.16277	1524.73934	1529.02514
6.879931	1	1	1	0	1546.16044	1524.74010	1529.02704
6.899931	1	1	1	0	1546.16433	1524.73896	1529.02704
6.919931	1	1	1	0	1546.16277	1524.74142	1529.02324
6.939930	1	1	1	0	1546.15830	1524.74123	1529.02894
6.959930	1	1	1	0	1546.17599	1524.74123	1529.02305
6.979930	1	1	1	0	1546.16491	1524.74123	1529.02723
6.999930	1	1	1	0	1546.15772	1524.73858	1529.02704
7.019930	1	1	1	0	1546.16122	1524.74218	1529.02514
7.039930	1	1	1	0	1546.16277	1524.73745	1529.02704
7.059929	1	1	1	0	1546.15616	1524.74047	1529.02894
7.079929	1	1	1	0	1546.16277	1524.74123	1529.02514
7.099929	1	1	1	0	1546.16044	1524.73934	1529.02514
7.119929	1	1	1	0	1546.15986	1524.74123	1529.02495
7.139929	1	1	1	0	1546.15986	1524.74123	1529.02514
7.159928	1	1	1	0	1546.16491	1524.74123	1529.02305
7.179928	1	1	1	0	1546.15539	1524.74218	1529.02514
7.199928	1	1	1	0	1546.16199	1524.73934	1529.02514
7.219928	1	1	1	0	1546.16199	1524.74123	1529.02704
7.239928	1	1	1	0	1546.16647	1524.73934	1529.02495
7.259928	1	1	1	0	1546.16433	1524.73934	1529.02324
7.279927	1	1	1	0	1546.15986	1524.74123	1529.02514
7.299927	1	1	1	0	1546.16374	1524.74218	1529.02894
7.319927	1	1	1	0	1546.15539	1524.74047	1529.02514
7.339926	1	1	1	0	1546.15772	1524.74123	1529.02514
7.359926	1	1	1	0	1546.15830	1524.73745	1529.02704
7.379926	1	1	1	0	1546.17094	1524.74047	1529.02514
7.399926	1	1	1	0	1546.15772	1524.74218	1529.02514
7.419926	1	1	1	0	1546.14742	1524.73934	1529.02514
7.439925	1	1	1	0	1546.14955	1524.74199	1529.02514
7.459925	1	1	1	0	1546.16433	1524.74123	1529.02723
7.479925	1	1	1	0	1546.16880	1524.73934	1529.02324
7.499925	1	1	1	0	1546.15383	1524.73934	1529.02514
7.519925	1	1	1	0	1546.16433	1524.73934	1529.02324
7.539925	1	1	1	0	1546.16199	1524.74123	1529.02514
7.559924	1	1	1	0	1546.15772	1524.74123	1529.02514
7.579924	1	1	1	0	1546.16491	1524.73934	1529.02704
7.599924	1	1	1	0	1546.15616	1524.74199	1529.02704
7.619924	1	1	1	0	1546.16491	1524.74312	1529.02894
7.639924	1	1	1	0	1546.15830	1524.74047	1529.02894
7.659923	1	1	1	0	1546.16277	1524.74123	1529.02514
7.679923	1	1	1	0	1546.16277	1524.73821	1529.02514
7.699923	1	1	1	0	1546.15985	1524.73934	1529.02514
7.719923	1	1	1	0	1546.16044	1524.74123	1529.02514
7.739923	1	1	1	0	1546.16588	1524.74406	1529.02704
7.759922	1	1	1	0	1546.15538	1524.74009	1529.02704
7.779922	1	1	1	0	1546.16199	1524.74123	1529.02304
7.799922	1	1	1	0	1546.16646	1524.74047	1529.02514
7.819922	1	1	1	0	1546.15772	1524.74047	1529.02514
7.839921	1	1	1	0	1546.16044	1524.74009	1529.02514
7.859921	1	1	1	0	1546.15772	1524.74217	1529.02704
7.879921	1	1	1	0	1546.15169	1524.74009	1529.02704
7.899921	1	1	1	0	1546.15830	1524.73934	1529.02723
7.919921	1	1	1	0	1546.16433	1524.74047	1529.02495
7.939920	1	1	1	0	1546.16374	1524.74047	1529.02514
7.959920	1	1	1	0	1546.15830	1524.73934	1529.02704
7.979920	1	1	1	0	1546.16938	1524.74047	1529.02514
7.999920	1	1	1	0	1546.16044	1524.73934	1529.02704
8.019920	1	1	1	0	1546.15985	1524.74123	1529.02894
8.039919	1	1	1	0	1546.16277	1524.74217	1529.02514
8.059919	1	1	1	0	1546.15383	1524.74123	1529.02704
8.079919	1	1	1	0	1546.16491	1524.74198	1529.02514
8.099919	1	1	1	0	1546.16199	1524.74009	1529.02894
8.119919	1	1	1	0	1546.15830	1524.73934	1529.02304
8.139919	1	1	1	0	1546.16646	1524.73934	1529.02514
8.159918	1	1	1	0	1546.15538	1524.74047	1529.02704
8.179918	1	1	1	0	1546.15383	1524.74047	1529.02704
8.199918	1	1	1	0	1546.16277	1524.74123	1529.02514
8.219918	1	1	1	0	1546.16277	1524.73934	1529.02114
8.239918	1	1	1	0	1546.15538	1524.74047	1529.02304
8.259917	1	1	1	0	1546.15325	1524.73934	1529.02894
8.279917	1	1	1	0	1546.16141	1524.74198	1529.02514
8.299917	1	1	1	0	1546.16491	1524.73820	1529.02304
8.319917	1	1	1	0	1546.16199	1524.74123	1529.02304
8.339916	1	1	1	0	1546.15538	1524.73745	1529.02704
8.359916	1	1	1	0	1546.16646	1524.74123	1529.02704
8.379916	1	1	1	0	1546.15325	1524.73858	1529.02704
8.399916	1	1	1	0	1546.16646	1524.73934	1529.02495
8.419916	1	1	1	0	1546.16433	1524.74009	1529.02704
8.439915	1	1	1	0	1546.15480	1524.73934	1529.02304
8.459915	1	1	1	0	1546.16646	1524.74312	1529.02723
8.479915	1	1	1	0	1546.16044	1524.73858	1529.02894
8.499915	1	1	1	0	1546.15772	1524.73934	1529.02324
8.519915	1	1	1	0	1546.15985	1524.74123	1529.02704
8.539914	1	1	1	0	1546.17093	1524.74047	1529.02894
8.559914	1	1	1	0	1546.16044	1524.73934	1529.02704
8.579914	1	1	1	0	1546.16705	1524.74009	1529.02324
8.599914	1	1	1	0	1546.15985	1524.74047	1529.02723
8.619914	1	1	1	0	1546.15383	1524.74123	1529.02875
8.639914	1	1	1	0	1546.16646	1524.73820	1529.02704
8.659914	1	1	1	0	1546.16491	1524.74123	1529.02704
8.679913	1	1	1	0	1546.16044	1524.74217	1529.02704
8.699913	1	1	1	0	1546.16277	1524.73934	1529.02704
8.719913	1	1	1	0	1546.15830	1524.73745	1529.02324
8.739913	1	1	1	0	1546.16938	1524.73934	1529.02304
8.759912	1	1	1	0	1546.15772	1524.73934	1529.02495
8.779912	1	1	1	0	1546.16996	1524.74047	1529.02704
8.799912	1	1	1	0	1546.16199	1524.74123	1529.02304
8.819912	1	1	1	0	1546.16646	1524.73934	1529.02514
8.839911	1	1	1	0	1546.16646	1524.74047	1529.02894
8.859911	1	1	1	0	1546.16044	1524.73745	1529.02514
8.879911	1	1	1	0	1546.16044	1524.74123	1529.02704
8.899911	1	1	1	0	1546.16433	1524.73858	1529.02704
8.919911	1	1	1	0	1546.16433	1524.73934	1529.02514
8.939911	1	1	1	0	1546.15772	1524.73934	1529.02704
8.959910	1	1	1	0	1546.16880	1524.74047	1529.02704
8.979910	1	1	1	0	1546.15383	1524.74047	1529.02704
8.999910	1	1	1	0	1546.16491	1524.73934	1529.02704
9.019910	1	1	1	0	1546.16433	1524.74009	1529.02704
9.039909	1	1	1	0	1546.16199	1524.74009	1529.02704
9.059909	1	1	1	0	1546.16044	1524.74123	1529.02324
9.079909	1	1	1	0	1546.16044	1524.74123	1529.02723
9.099909	1	1	1	0	1546.16044	1524.73858	1529.02495
9.119909	1	1	1	0	1546.16044	1524.73934	1529.02704
9.139909	1	1	1	0	1546.15985	1524.74123	1529.02704
9.159908	1	1	1	0	1546.16433	1524.74009	1529.02495
9.179908	1	1	1	0	1546.15325	1524.74123	1529.02704
9.199908	1	1	1	0	1546.15985	1524.73858	1529.02704
9.219908	1	1	1	0	1546.15772	1524.74217	1529.02514
9.239908	1	1	1	0	1546.16199	1524.73934	1529.02704
9.259907	1	1	1	0	1546.15538	1524.73934	1529.02894
9.279907	1	1	1	0	1546.16199	1524.73934	1529.02704
9.299907	1	1	1	0	1546.16277	1524.74047	1529.02514
9.319907	1	1	1	0	1546.16646	1524.73934	1529.02114
9.339906	1	1	1	0	1546.16433	1524.73934	1529.02324
9.359907	1	1	1	0	1546.15830	1524.73745	1529.02514
9.379906	1	1	1	0	1546.16374	1524.74010	1529.02305
9.399906	1	1	1	0	1546.16199	1524.73858	1529.02305
9.419906	1	1	1	0	1546.16491	1524.74123	1529.02514
9.439905	1	1	1	0	1546.15383	1524.74123	1529.02514
9.459905	1	1	1	0	1546.15111	1524.74123	1529.02723
9.479905	1	1	1	0	1546.16705	1524.73858	1529.02305
9.499905	1	1	1	0	1546.17094	1524.74199	1529.02514
9.519905	1	1	1	0	1546.16433	1524.73745	1529.02704
9.539905	1	1	1	0	1546.16199	1524.74047	1529.02913
9.559904	1	1	1	0	1546.16199	1524.73858	1529.02514
9.579904	1	1	1	0	1546.16044	1524.74123	1529.02514
9.599904	1	1	1	0	1546.16044	1524.73858	1529.02704
9.619904	1	1	1	0	1546.15986	1524.74123	1529.02514
9.639903	1	1	1	0	1546.15325	1524.74388	1529.02514
9.659903	1	1	1	0	1546.16199	1524.74123	1529.02514
9.679903	1	1	1	0	1546.16491	1524.73858	1529.02894
9.699903	1	1	1	0	1546.16277	1524.74123	1529.02495
9.719903	1	1	1	0	1546.16647	1524.73934	1529.02894
9.739902	1	1	1	0	1546.16374	1524.74123	1529.02894
9.759902	1	1	1	0	1546.16044	1524.74047	1529.02514
9.779902	1	1	1	0	1546.16880	1524.74010	1529.02704
9.799902	1	1	1	0	1546.16277	1524.74123	1529.02514
9.819902	1	1	1	0	1546.15830	1524.73934	1529.02324
9.839901	1	1	1	0	1546.16199	1524.74047	1529.02723
9.859901	1	1	1	0	1546.15830	1524.73934	1529.02514
9.879901	1	1	1	0	1546.15986	1524.74123	1529.02723
9.899901	1	1	1	0	1546.16647	1524.73934	1529.02115
9.919901	1	1	1	0	1546.16880	1524.73934	1529.02324
9.939900	1	1	1	0	1546.15772	1524.74123	1529.02514
9.959900	1	1	1	0	1546.16044	1524.73934	1529.02514
9.979900	1	1	1	0	1546.15986	1524.74312	1529.02305
9.999900	1	1	1	0	1546.16433	1524.74123	1529.02704
10.019900	1	1	1	0	1546.15539	1524.74047	1529.02704
10.039900	1	1	1	0	1546.15616	1524.73858	1529.02324
10.059899	1	1	1	0	1546.16277	1524.74010	1529.02704
10.079899	1	1	1	0	1546.15830	1524.73858	1529.02704
10.099899	1	1	1	0	1546.16044	1524.74085	1529.02324
10.119899	1	1	1	0	1546.16491	1524.74123	1529.02514
10.139899	1	1	1	0	1546.16491	1524.73934	1529.02514
10.159898	1	1	1	0	1546.16199	1524.73745	1529.02514
10.179898	1	1	1	0	1546.16783	1524.74123	1529.02514
10.199898	1	1	1	0	1546.14955	1524.74047	1529.02514
10.219898	1	1	1	0	1546.16277	1524.73745	1529.02514
10.239897	1	1	1	0	1546.16044	1524.73934	1529.02704
10.259897	1	1	1	0	1546.15111	1524.74199	1529.02514
10.279897	1	1	1	0	1546.16880	1524.74123	1529.02514
10.299897	1	1	1	0	1546.16802	1524.74010	1529.02305
10.319897	1	1	1	0	1546.16277	1524.74123	1529.02514
10.339896	1	1	1	0	1546.15539	1524.73934	1529.02704
10.359896	1	1	1	0	1546.16044	1524.74047	1529.02723
10.379896	1	1	1	0	1546.16044	1524.73858	1529.02305
10.399896	1	1	1	0	1546.16044	1524.73669	1529.02514
10.419896	1	1	1	0	1546.16277	1524.73934	1529.02305
10.439895	1	1	1	0	1546.15888	1524.73858	1529.02704
10.459895	1	1	1	0	1546.16336	1524.74123	1529.02495
10.479895	1	1	1	0	1546.16491	1524.74010	1529.02305
10.499895	1	1	1	0	1546.16433	1524.74123	1529.02704
10.519895	1	1	1	0	1546.16277	1524.74218	1529.02514
10.539895	1	1	1	0	1546.16880	1524.74085	1529.02514
10.559894	1	1	1	0	1546.15986	1524.73934	1529.02704
10.579894	1	1	1	0	1546.15539	1524.74123	1529.02704
10.599894	1	1	1	0	1546.16199	1524.74010	1529.02704
10.619894	1	1	1	0	1546.16433	1524.73934	1529.02514
10.639894	1	1	1	0	1546.15539	1524.73934	1529.02514
10.659893	1	1	1	0	1546.15616	1524.73934	1529.02704
10.679893	1	1	1	0	1546.16044	1524.73858	1529.02894
10.699893	1	1	1	0	1546.15830	1524.74047	1529.02704
10.719893	1	1	1	0	1546.16199	1524.73858	1529.02324
10.739892	1	1	1	0	1546.16938	1524.74123	1529.02305
10.759892	1	1	1	0	1546.15772	1524.74010	1529.02704
10.779892	1	1	1	0	1546.16044	1524.73858	1529.02704
10.799892	1	1	1	0	1546.16491	1524.74218	1529.02704
10.819892	1	1	1	0	1546.15772	1524.74312	1529.02704
10.839892	1	1	1	0	1546.16647	1524.73934	1529.02305
10.859891	1	1	1	0	1546.16199	1524.73934	1529.02324
10.879891	1	1	1	0	1546.16491	1524.73934	1529.02514
10.899891	1	1	1	0	1546.15539	1524.74123	1529.03084
10.919891	1	1	1	0	1546.16433	1524.74123	1529.02514
10.939890	1	1	1	0	1546.15325	1524.73821	1529.02704
10.959890	1	1	1	0	1546.15986	1524.74123	1529.02495
10.979890	1	1	1	0	1546.15111	1524.74010	1529.02324
10.999890	1	1	1	0	1546.16433	1524.74047	1529.02514
11.019890	1	1	1	0	1546.16199	1524.74123	1529.02875
11.039889	1	1	1	0	1546.15830	1524.73858	1529.02495
11.059889	1	1	1	0	1546.16277	1524.73745	1529.02514
11.079889	1	1	1	0	1546.16199	1524.73934	1529.02514
11.099889	1	1	1	0	1546.16433	1524.73934	1529.02704
11.119889	1	1	1	0	1546.16880	1524.74123	1529.02704
11.139889	1	1	1	0	1546.16199	1524.74123	1529.02324
11.159888	1	1	1	0	1546.16880	1524.74047	1529.02704
11.179888	1	1	1	0	1546.15830	1524.74047	1529.02704
11.199888	1	1	1	0	1546.16433	1524.74123	1529.02704
