0.020000	1	1	1	0	1546.16130	1524.74509	1529.02883
0.040000	1	1	1	0	1546.16033	1524.74301	1529.02902
0.060000	1	1	1	0	1546.15819	1524.74301	1529.02693
0.079999	1	1	1	0	1546.16422	1524.74207	1529.02712
0.100000	1	1	1	0	1546.15314	1524.74112	1529.02902
0.119999	1	1	1	0	1546.15606	1524.74301	1529.02503
0.139999	1	1	1	0	1546.16111	1524.74207	1529.02902
0.159999	1	1	1	0	1546.15761	1524.74301	1529.02883
0.179998	1	1	1	0	1546.16636	1524.74301	1529.02484
0.199998	1	1	1	0	1546.16266	1524.74188	1529.02883
0.219998	1	1	1	0	1546.16694	1524.74396	1529.02503
0.239998	1	1	1	0	1546.15819	1524.74112	1529.02294
0.259998	1	1	1	0	1546.16694	1524.74301	1529.02693
0.279997	1	1	1	0	1546.14731	1524.74301	1529.02693
0.299997	1	1	1	0	1546.16636	1524.74301	1529.02712
0.319997	1	1	1	0	1546.15314	1524.74131	1529.02883
0.339997	1	1	1	0	1546.15819	1524.74301	1529.02503
0.359997	1	1	1	0	1546.16325	1524.74301	1529.02693
0.379996	1	1	1	0	1546.16480	1524.74112	1529.02693
0.399996	1	1	1	0	1546.16694	1524.74188	1529.02693
0.419996	1	1	1	0	1546.15819	1524.74301	1529.02712
0.439996	1	1	1	0	1546.16266	1524.74207	1529.02883
0.459996	1	1	1	0	1546.17355	1524.74396	1529.02503
0.479995	1	1	1	0	1546.16791	1524.74396	1529.02313
0.499995	1	1	1	0	1546.16480	1524.74396	1529.02693
0.519995	1	1	1	0	1546.16480	1524.74207	1529.03073
0.539995	1	1	1	0	1546.16033	1524.74207	1529.02712
0.559995	1	1	1	0	1546.16266	1524.74188	1529.02503
0.579994	1	1	1	0	1546.15819	1524.74509	1529.02693
0.599994	1	1	1	0	1546.16033	1524.74377	1529.02503
0.619994	1	1	1	0	1546.15372	1524.74396	1529.02883
0.639994	1	1	1	0	1546.15975	1524.74301	1529.02693
0.659994	1	1	1	0	1546.16188	1524.74396	1529.02503
0.679993	1	1	1	0	1546.15605	1524.74320	1529.02883
0.699993	1	1	1	0	1546.15528	1524.74188	1529.02693
0.719993	1	1	1	0	1546.17355	1524.74301	1529.02883
0.739993	1	1	1	0	1546.16266	1524.74301	1529.02503
0.759993	1	1	1	0	1546.15975	1524.74471	1529.02503
0.779992	1	1	1	0	1546.16188	1524.74396	1529.02693
0.799992	1	1	1	0	1546.15372	1524.74301	1529.02712
0.819992	1	1	1	0	1546.16266	1524.74471	1529.02693
0.839992	1	1	1	0	1546.16480	1524.74660	1529.02693
0.859992	1	1	1	0	1546.16033	1524.74301	1529.02503
0.879992	1	1	1	0	1546.16636	1524.74301	1529.02712
0.899991	1	1	1	0	1546.15975	1524.74471	1529.02503
0.919991	1	1	1	0	1546.16266	1524.74377	1529.02712
0.939991	1	1	1	0	1546.15819	1524.74301	1529.02693
0.959991	1	1	1	0	1546.15975	1524.74112	1529.02503
0.979990	1	1	1	0	1546.16480	1524.73923	1529.02693
0.999990	1	1	1	0	1546.15761	1524.74301	1529.02712
1.019990	1	1	1	0	1546.17141	1524.74037	1529.02712
1.039990	1	1	1	0	1546.16636	1524.74585	1529.02503
1.059990	1	1	1	0	1546.15372	1524.74207	1529.02883
1.079989	1	1	1	0	1546.16188	1524.74037	1529.02484
1.099989	1	1	1	0	1546.16188	1524.74396	1529.02693
1.119989	1	1	1	0	1546.15819	1524.74301	1529.02503
1.139989	1	1	1	0	1546.16480	1524.74301	1529.02693
1.159989	1	1	1	0	1546.15314	1524.74471	1529.02693
1.179988	1	1	1	0	1546.16422	1524.74301	1529.02313
1.199988	1	1	1	0	1546.16422	1524.74112	1529.02693
1.219988	1	1	1	0	1546.16422	1524.74377	1529.02693
1.239988	1	1	1	0	1546.16033	1524.73999	1529.02883
1.259988	1	1	1	0	1546.16791	1524.74188	1529.02294
1.279987	1	1	1	0	1546.16266	1524.74188	1529.02503
1.299987	1	1	1	0	1546.17083	1524.74585	1529.02883
1.319987	1	1	1	0	1546.15605	1524.74377	1529.02503
1.339987	1	1	1	0	1546.15605	1524.74471	1529.02693
1.359987	1	1	1	0	1546.15819	1524.74301	1529.02693
1.379986	1	1	1	0	1546.15683	1524.74188	1529.02503
1.399986	1	1	1	0	1546.16422	1524.74112	1529.02503
1.419986	1	1	1	0	1546.16188	1524.74112	1529.02883
1.439986	1	1	1	0	1546.15819	1524.74207	1529.02503
1.459986	1	1	1	0	1546.17141	1524.74112	1529.02693
1.479985	1	1	1	0	1546.16422	1524.74188	1529.02712
1.499985	1	1	1	0	1546.16480	1524.74396	1529.02693
1.519985	1	1	1	0	1546.16033	1524.74207	1529.02712
1.539985	1	1	1	0	1546.15819	1524.74301	1529.02484
1.559985	1	1	1	0	1546.16266	1524.74396	1529.02503
1.579984	1	1	1	0	1546.15819	1524.74320	1529.02503
1.599984	1	1	1	0	1546.16266	1524.74207	1529.02693
1.619984	1	1	1	0	1546.16422	1524.74301	1529.02313
1.639984	1	1	1	0	1546.15605	1524.74207	1529.02712
1.659984	1	1	1	0	1546.16033	1524.74188	1529.02503
1.679983	1	1	1	0	1546.16927	1524.74396	1529.02883
1.699983	1	1	1	0	1546.16188	1524.74207	1529.02693
1.719983	1	1	1	0	1546.16188	1524.74207	1529.02503
1.739983	1	1	1	0	1546.15819	1524.74396	1529.02693
1.759983	1	1	1	0	1546.16188	1524.74471	1529.02883
1.779982	1	1	1	0	1546.16188	1524.74301	1529.02503
1.799982	1	1	1	0	1546.16422	1524.74207	1529.02503
1.819982	1	1	1	0	1546.16266	1524.74207	1529.02883
1.839982	1	1	1	0	1546.16422	1524.74301	1529.02294
1.859982	1	1	1	0	1546.16422	1524.74301	1529.02693
1.879981	1	1	1	0	1546.16188	1524.74471	1529.02902
1.899981	1	1	1	0	1546.15256	1524.74301	1529.02693
1.919981	1	1	1	0	1546.15761	1524.74112	1529.02503
1.939981	1	1	1	0	1546.16480	1524.74471	1529.02484
1.959980	1	1	1	0	1546.16188	1524.74377	1529.02522
1.979980	1	1	1	0	1546.16538	1524.74301	1529.02693
1.999980	1	1	1	0	1546.15761	1524.74471	1529.02693
2.019980	1	1	1	0	1546.15819	1524.74188	1529.02503
2.039980	1	1	1	0	1546.16266	1524.74301	1529.03073
2.059979	1	1	1	0	1546.15975	1524.74396	1529.02503
2.079979	1	1	1	0	1546.17355	1524.74301	1529.02902
2.099979	1	1	1	0	1546.16188	1524.74396	1529.02294
2.119979	1	1	1	0	1546.17296	1524.74471	1529.02503
2.139979	1	1	1	0	1546.16480	1524.74188	1529.02883
2.159979	1	1	1	0	1546.16033	1524.74471	1529.02313
2.179978	1	1	1	0	1546.16188	1524.74301	1529.02883
2.199978	1	1	1	0	1546.15761	1524.74396	1529.02693
2.219978	1	1	1	0	1546.16694	1524.74188	1529.02693
2.239978	1	1	1	0	1546.16636	1524.74074	1529.02313
2.259978	1	1	1	0	1546.16266	1524.74112	1529.02712
2.279977	1	1	1	0	1546.16188	1524.74396	1529.02294
2.299977	1	1	1	0	1546.16422	1524.74037	1529.02313
2.319977	1	1	1	0	1546.16130	1524.74188	1529.02313
2.339977	1	1	1	0	1546.15528	1524.74471	1529.02712
2.359977	1	1	1	0	1546.16266	1524.74207	1529.02294
2.379977	1	1	1	0	1546.17141	1524.74112	1529.02503
2.399976	1	1	1	0	1546.16694	1524.74301	1529.02313
2.419976	1	1	1	0	1546.16033	1524.74188	1529.02503
2.439976	1	1	1	0	1546.16033	1524.74396	1529.02693
2.459975	1	1	1	0	1546.15314	1524.74207	1529.02902
2.479975	1	1	1	0	1546.16927	1524.74207	1529.02313
2.499975	1	1	1	0	1546.16033	1524.74396	1529.02503
2.519975	1	1	1	0	1546.15528	1524.74301	1529.02693
2.539975	1	1	1	0	1546.15605	1524.74471	1529.02693
2.559974	1	1	1	0	1546.16130	1524.74301	1529.02883
2.579974	1	1	1	0	1546.15975	1524.74471	1529.02693
2.599974	1	1	1	0	1546.14944	1524.73923	1529.02902
2.619974	1	1	1	0	1546.15605	1524.74207	1529.02902
2.639974	1	1	1	0	1546.15528	1524.74207	1529.02712
2.659973	1	1	1	0	1546.15528	1524.74396	1529.02693
2.679973	1	1	1	0	1546.16266	1524.74301	1529.02503
2.699973	1	1	1	0	1546.16694	1524.74207	1529.02693
2.719973	1	1	1	0	1546.15664	1524.74301	1529.02883
2.739973	1	1	1	0	1546.16033	1524.74207	1529.02693
2.759973	1	1	1	0	1546.16266	1524.74207	1529.02693
2.779972	1	1	1	0	1546.16636	1524.74207	1529.02313
2.799972	1	1	1	0	1546.16927	1524.74207	1529.02712
2.819972	1	1	1	0	1546.16188	1524.74471	1529.02503
2.839972	1	1	1	0	1546.16188	1524.74112	1529.02883
2.859972	1	1	1	0	1546.16188	1524.74207	1529.02503
2.879972	1	1	1	0	1546.16480	1524.74301	1529.02503
2.899971	1	1	1	0	1546.16694	1524.74320	1529.02883
2.919971	1	1	1	0	1546.15314	1524.74301	1529.02503
2.939971	1	1	1	0	1546.15975	1524.74471	1529.02313
2.959970	1	1	1	0	1546.15528	1524.74207	1529.02693
2.979970	1	1	1	0	1546.16033	1524.74112	1529.02522
2.999970	1	1	1	0	1546.16188	1524.74471	1529.02693
3.019970	1	1	1	0	1546.16480	1524.74471	1529.02712
3.039970	1	1	1	0	1546.16480	1524.74509	1529.02503
3.059970	1	1	1	0	1546.15974	1524.74471	1529.02503
3.079969	1	1	1	0	1546.15527	1524.74207	1529.02693
3.099969	1	1	1	0	1546.15974	1524.74377	1529.02712
3.119969	1	1	1	0	1546.16033	1524.74112	1529.02693
3.139969	1	1	1	0	1546.16422	1524.74188	1529.02503
3.159968	1	1	1	0	1546.16480	1524.74301	1529.02503
3.179968	1	1	1	0	1546.16927	1524.74112	1529.02503
3.199968	1	1	1	0	1546.16422	1524.74112	1529.02693
3.219968	1	1	1	0	1546.16480	1524.74301	1529.02693
3.239968	1	1	1	0	1546.15372	1524.74471	1529.02503
3.259968	1	1	1	0	1546.16635	1524.74301	1529.02503
3.279967	1	1	1	0	1546.15761	1524.76154	1529.02503
3.299967	1	1	1	0	1546.16033	1524.74849	1529.02522
3.319967	1	1	1	0	1546.15761	1524.74660	1529.02503
3.339967	1	1	1	0	1546.16266	1524.73469	1529.02883
3.359967	1	1	1	0	1546.16188	1524.74471	1529.02883
3.379966	1	1	1	0	1546.16480	1524.74207	1529.02712
3.399966	1	1	1	0	1546.16266	1524.74396	1529.02503
3.419966	1	1	1	0	1546.16635	1524.74301	1529.02693
3.439966	1	1	1	0	1546.16635	1524.74396	1529.02693
3.459966	1	1	1	0	1546.16694	1524.74396	1529.02313
3.479965	1	1	1	0	1546.16188	1524.74396	1529.02883
3.499965	1	1	1	0	1546.16363	1524.74207	1529.02902
3.519965	1	1	1	0	1546.16266	1524.74207	1529.02902
3.539965	1	1	1	0	1546.15819	1524.74471	1529.02693
3.559964	1	1	1	0	1546.15605	1524.74301	1529.02313
3.579964	1	1	1	0	1546.15527	1524.74207	1529.02503
3.599964	1	1	1	0	1546.15605	1524.74301	1529.02503
3.619964	1	1	1	0	1546.16188	1524.74207	1529.02503
3.639964	1	1	1	0	1546.15819	1524.74301	1529.02693
3.659964	1	1	1	0	1546.16110	1524.74396	1529.02674
3.679963	1	1	1	0	1546.16771	1524.74112	1529.02503
3.699963	1	1	1	0	1546.16188	1524.74112	1529.02902
3.719963	1	1	1	0	1546.16266	1524.74301	1529.02313
3.739963	1	1	1	0	1546.16927	1524.74301	1529.02693
3.759963	1	1	1	0	1546.16927	1524.74396	1529.02294
3.779962	1	1	1	0	1546.15819	1524.74301	1529.02693
3.799962	1	1	1	0	1546.15255	1524.74187	1529.02883
3.819962	1	1	1	0	1546.16266	1524.74301	1529.02293
3.839962	1	1	1	0	1546.16188	1524.74112	1529.02712
3.859962	1	1	1	0	1546.16188	1524.74301	1529.02503
3.879961	1	1	1	0	1546.15605	1524.74471	1529.03073
3.899961	1	1	1	0	1546.15760	1524.74471	1529.02712
3.919961	1	1	1	0	1546.15760	1524.74187	1529.02503
3.939961	1	1	1	0	1546.16188	1524.74301	1529.02883
3.959960	1	1	1	0	1546.15819	1524.74301	1529.02503
3.979960	1	1	1	0	1546.16188	1524.74395	1529.02693
3.999960	1	1	1	0	1546.15605	1524.74471	1529.03092
4.019960	1	1	1	0	1546.16693	1524.74395	1529.02883
4.039960	1	1	1	0	1546.16421	1524.74584	1529.02902
4.059960	1	1	1	0	1546.15819	1524.74377	1529.02883
4.079959	1	1	1	0	1546.17082	1524.74566	1529.02484
4.099959	1	1	1	0	1546.16421	1524.74509	1529.02693
4.119959	1	1	1	0	1546.16033	1524.74471	1529.02693
4.139959	1	1	1	0	1546.16266	1524.74377	1529.02503
4.159958	1	1	1	0	1546.15760	1524.74301	1529.02883
4.179958	1	1	1	0	1546.16868	1524.74471	1529.02712
4.199958	1	1	1	0	1546.16324	1524.74206	1529.02503
4.219958	1	1	1	0	1546.16421	1524.74320	1529.02883
4.239958	1	1	1	0	1546.15974	1524.74206	1529.02883
4.259958	1	1	1	0	1546.16635	1524.74471	1529.02883
4.279957	1	1	1	0	1546.16033	1524.74377	1529.02712
4.299957	1	1	1	0	1546.15372	1524.74395	1529.02883
4.319957	1	1	1	0	1546.15527	1524.74395	1529.02712
4.339957	1	1	1	0	1546.16266	1524.74377	1529.02883
4.359957	1	1	1	0	1546.16033	1524.74471	1529.02693
4.379956	1	1	1	0	1546.16033	1524.74395	1529.02883
4.399956	1	1	1	0	1546.16635	1524.74471	1529.02293
4.419956	1	1	1	0	1546.16927	1524.74206	1529.02693
4.439956	1	1	1	0	1546.16927	1524.74471	1529.02503
4.459955	1	1	1	0	1546.16033	1524.73923	1529.02503
4.479955	1	1	1	0	1546.16480	1524.74301	1529.02693
4.499955	1	1	1	0	1546.15663	1524.74301	1529.02313
4.519955	1	1	1	0	1546.16868	1524.74471	1529.02902
4.539955	1	1	1	0	1546.16033	1524.74301	1529.02712
4.559954	1	1	1	0	1546.16188	1524.74377	1529.02503
4.579954	1	1	1	0	1546.15974	1524.74301	1529.02883
4.599954	1	1	1	0	1546.16266	1524.74301	1529.02693
4.619954	1	1	1	0	1546.16188	1524.74471	1529.02712
4.639954	1	1	1	0	1546.15974	1524.74301	1529.02883
4.659954	1	1	1	0	1546.16635	1524.74301	1529.02503
4.679953	1	1	1	0	1546.15761	1524.74301	1529.02883
4.699953	1	1	1	0	1546.16266	1524.74377	1529.02693
4.719953	1	1	1	0	1546.16188	1524.74301	1529.02693
4.739953	1	1	1	0	1546.15761	1524.74566	1529.02503
4.759953	1	1	1	0	1546.16324	1524.74471	1529.02883
4.779952	1	1	1	0	1546.16110	1524.74301	1529.02503
4.799952	1	1	1	0	1546.15974	1524.74396	1529.02693
4.819952	1	1	1	0	1546.16188	1524.74207	1529.02484
4.839952	1	1	1	0	1546.15527	1524.74301	1529.02503
4.859951	1	1	1	0	1546.15819	1524.74112	1529.02503
4.879951	1	1	1	0	1546.16694	1524.74207	1529.02503
4.899951	1	1	1	0	1546.15527	1524.74207	1529.02294
4.919951	1	1	1	0	1546.15974	1524.74301	1529.02693
4.939951	1	1	1	0	1546.16188	1524.74301	1529.02503
4.959950	1	1	1	0	1546.15819	1524.74396	1529.02712
4.979950	1	1	1	0	1546.16266	1524.74112	1529.02883
4.999950	1	1	1	0	1546.16480	1524.74566	1529.02712
5.019950	1	1	1	0	1546.15761	1524.74471	1529.02503
5.039950	1	1	1	0	1546.15819	1524.74112	1529.02902
5.059949	1	1	1	0	1546.16033	1524.74396	1529.02693
5.079949	1	1	1	0	1546.15527	1524.74301	1529.02902
5.099949	1	1	1	0	1546.16033	1524.74036	1529.02503
5.119949	1	1	1	0	1546.15372	1524.74396	1529.02313
5.139949	1	1	1	0	1546.15974	1524.74301	1529.02503
5.159948	1	1	1	0	1546.15372	1524.74188	1529.02693
5.179948	1	1	1	0	1546.16480	1524.74471	1529.03092
5.199948	1	1	1	0	1546.16033	1524.74112	1529.02294
5.219948	1	1	1	0	1546.16033	1524.74301	1529.02503
5.239948	1	1	1	0	1546.16188	1524.74585	1529.02712
5.259948	1	1	1	0	1546.16422	1524.74207	1529.02883
5.279947	1	1	1	0	1546.16422	1524.74377	1529.02693
5.299947	1	1	1	0	1546.16188	1524.74112	1529.02883
5.319947	1	1	1	0	1546.15819	1524.74301	1529.02313
5.339947	1	1	1	0	1546.16480	1524.74396	1529.02503
5.359946	1	1	1	0	1546.16266	1524.74301	1529.02693
5.379946	1	1	1	0	1546.16033	1524.74320	1529.02712
5.399946	1	1	1	0	1546.15313	1524.74660	1529.02712
5.419946	1	1	1	0	1546.17082	1524.74301	1529.02503
5.439946	1	1	1	0	1546.16266	1524.74301	1529.02693
5.459945	1	1	1	0	1546.16480	1524.74471	1529.02484
5.479945	1	1	1	0	1546.15527	1524.74301	1529.02693
5.499945	1	1	1	0	1546.14944	1524.74301	1529.02693
5.519945	1	1	1	0	1546.17082	1524.74206	1529.02693
5.539945	1	1	1	0	1546.17141	1524.74566	1529.02883
5.559945	1	1	1	0	1546.16693	1524.74566	1529.02503
5.579944	1	1	1	0	1546.16266	1524.74395	1529.02693
5.599944	1	1	1	0	1546.16693	1524.74471	1529.02693
5.619944	1	1	1	0	1546.16421	1524.74112	1529.02902
5.639944	1	1	1	0	1546.16421	1524.74471	1529.02503
5.659943	1	1	1	0	1546.15819	1524.74471	1529.02883
5.679943	1	1	1	0	1546.15527	1524.74112	1529.02293
5.699943	1	1	1	0	1546.15158	1524.74377	1529.02883
5.719943	1	1	1	0	1546.16266	1524.74301	1529.02503
5.739943	1	1	1	0	1546.15527	1524.74395	1529.02693
5.759943	1	1	1	0	1546.16480	1524.74471	1529.02503
5.779942	1	1	1	0	1546.15974	1524.74471	1529.02883
5.799942	1	1	1	0	1546.15819	1524.74471	1529.02712
5.819942	1	1	1	0	1546.16266	1524.74395	1529.02693
5.839942	1	1	1	0	1546.16635	1524.74566	1529.03092
5.859941	1	1	1	0	1546.15974	1524.74301	1529.02313
5.879941	1	1	1	0	1546.16033	1524.74395	1529.02902
5.899941	1	1	1	0	1546.17141	1524.74471	1529.02503
5.919941	1	1	1	0	1546.17141	1524.74301	1529.02693
5.939941	1	1	1	0	1546.16421	1524.74112	1529.02503
5.959941	1	1	1	0	1546.16693	1524.74301	1529.02503
5.979940	1	1	1	0	1546.16188	1524.74395	1529.02313
5.999940	1	1	1	0	1546.16480	1524.74301	1529.02503
6.019940	1	1	1	0	1546.15819	1524.74206	1529.02503
6.039940	1	1	1	0	1546.16266	1524.74112	1529.02503
6.059940	1	1	1	0	1546.15605	1524.74471	1529.02293
6.079939	1	1	1	0	1546.15974	1524.74301	1529.02693
6.099939	1	1	1	0	1546.15877	1524.74584	1529.03073
6.119939	1	1	1	0	1546.15605	1524.74301	1529.02712
6.139939	1	1	1	0	1546.16033	1524.74377	1529.02503
6.159938	1	1	1	0	1546.16635	1524.74395	1529.02883
6.179938	1	1	1	0	1546.16033	1524.74301	1529.02503
6.199938	1	1	1	0	1546.15819	1524.74471	1529.02712
6.219938	1	1	1	0	1546.16033	1524.74206	1529.02313
6.239938	1	1	1	0	1546.16693	1524.74395	1529.02712
6.259938	1	1	1	0	1546.16266	1524.74301	1529.02503
6.279937	1	1	1	0	1546.16188	1524.74206	1529.02693
6.299937	1	1	1	0	1546.15974	1524.74395	1529.02503
6.319937	1	1	1	0	1546.16868	1524.74377	1529.02503
6.339936	1	1	1	0	1546.15760	1524.74584	1529.02693
6.359936	1	1	1	0	1546.15100	1524.74301	1529.02503
6.379936	1	1	1	0	1546.15527	1524.74395	1529.02503
6.399936	1	1	1	0	1546.16635	1524.74206	1529.02693
6.419936	1	1	1	0	1546.16635	1524.74112	1529.02313
6.439936	1	1	1	0	1546.16033	1524.74112	1529.02693
6.459935	1	1	1	0	1546.16421	1524.74206	1529.02693
6.479935	1	1	1	0	1546.16033	1524.74395	1529.02693
6.499935	1	1	1	0	1546.16033	1524.74301	1529.02503
6.519935	1	1	1	0	1546.16868	1524.74036	1529.02693
6.539935	1	1	1	0	1546.16693	1524.74112	1529.02503
6.559934	1	1	1	0	1546.16635	1524.74112	1529.02883
6.579934	1	1	1	0	1546.15819	1524.74301	1529.02693
6.599934	1	1	1	0	1546.15527	1524.74301	1529.02293
6.619934	1	1	1	0	1546.16421	1524.74301	1529.02712
6.639934	1	1	1	0	1546.15760	1524.74187	1529.02503
6.659934	1	1	1	0	1546.15527	1524.74395	1529.02503
6.679933	1	1	1	0	1546.15974	1524.74395	1529.02883
6.699933	1	1	1	0	1546.16033	1524.74471	1529.02693
6.719933	1	1	1	0	1546.15974	1524.74395	1529.02503
6.739933	1	1	1	0	1546.16266	1524.74320	1529.02693
6.759933	1	1	1	0	1546.16266	1524.74566	1529.02883
6.779932	1	1	1	0	1546.16110	1524.74471	1529.02712
6.799932	1	1	1	0	1546.15527	1524.74377	1529.02883
6.819932	1	1	1	0	1546.15819	1524.74206	1529.02503
6.839932	1	1	1	0	1546.15313	1524.74301	1529.02902
6.859931	1	1	1	0	1546.15100	1524.74471	1529.02503
6.879931	1	1	1	0	1546.15605	1524.74301	1529.02293
6.899931	1	1	1	0	1546.16188	1524.74301	1529.02522
6.919931	1	1	1	0	1546.16693	1524.74301	1529.02693
6.939931	1	1	1	0	1546.16421	1524.74471	1529.02693
6.959930	1	1	1	0	1546.16421	1524.74301	1529.02693
6.979930	1	1	1	0	1546.16188	1524.74112	1529.02712
6.999930	1	1	1	0	1546.16188	1524.74301	1529.02503
7.019930	1	1	1	0	1546.15819	1524.74301	1529.02503
7.039930	1	1	1	0	1546.16421	1524.74206	1529.02313
7.059930	1	1	1	0	1546.16635	1524.74112	1529.02503
7.079929	1	1	1	0	1546.16868	1524.74320	1529.02712
7.099929	1	1	1	0	1546.15974	1524.74301	1529.02503
7.119929	1	1	1	0	1546.15974	1524.74301	1529.02503
7.139929	1	1	1	0	1546.15663	1524.74187	1529.02503
7.159929	1	1	1	0	1546.16693	1524.74301	1529.02712
7.179929	1	1	1	0	1546.15760	1524.74395	1529.02313
7.199928	1	1	1	0	1546.16188	1524.74301	1529.02693
7.219928	1	1	1	0	1546.16693	1524.74395	1529.02693
7.239928	1	1	1	0	1546.16188	1524.74301	1529.02902
7.259928	1	1	1	0	1546.15527	1524.74301	1529.02503
7.279927	1	1	1	0	1546.16266	1524.74471	1529.02693
7.299927	1	1	1	0	1546.16421	1524.74395	1529.02503
7.319927	1	1	1	0	1546.16927	1524.74301	1529.02693
7.339927	1	1	1	0	1546.16033	1524.74395	1529.02503
7.359926	1	1	1	0	1546.15760	1524.74471	1529.02503
7.379926	1	1	1	0	1546.16188	1524.74471	1529.02883
7.399926	1	1	1	0	1546.16188	1524.74301	1529.02883
7.419926	1	1	1	0	1546.15819	1524.74320	1529.02503
7.439926	1	1	1	0	1546.16693	1524.74395	1529.02503
7.459925	1	1	1	0	1546.15527	1524.74112	1529.02712
7.479925	1	1	1	0	1546.16110	1524.74206	1529.02712
7.499925	1	1	1	0	1546.16266	1524.74301	1529.02693
7.519925	1	1	1	0	1546.15819	1524.74395	1529.02712
7.539925	1	1	1	0	1546.16188	1524.74301	1529.02883
7.559924	1	1	1	0	1546.15313	1524.74566	1529.02712
7.579924	1	1	1	0	1546.15760	1524.74471	1529.02883
7.599924	1	1	1	0	1546.16421	1524.74471	1529.02693
7.619924	1	1	1	0	1546.15974	1524.74301	1529.02902
7.639924	1	1	1	0	1546.16188	1524.74301	1529.02693
7.659924	1	1	1	0	1546.15819	1524.74395	1529.02503
7.679923	1	1	1	0	1546.16188	1524.74301	1529.02693
7.699923	1	1	1	0	1546.15819	1524.74131	1529.02883
7.719923	1	1	1	0	1546.16693	1524.74187	1529.02522
7.739923	1	1	1	0	1546.17082	1524.74301	1529.02712
7.759923	1	1	1	0	1546.16635	1524.74471	1529.02293
7.779922	1	1	1	0	1546.15313	1524.74301	1529.02503
7.799922	1	1	1	0	1546.16480	1524.74395	1529.02883
7.819922	1	1	1	0	1546.15605	1524.74187	1529.02693
7.839922	1	1	1	0	1546.16868	1524.74301	1529.02712
7.859921	1	1	1	0	1546.16188	1524.74206	1529.02313
7.879921	1	1	1	0	1546.16266	1524.74377	1529.02693
7.899921	1	1	1	0	1546.15760	1524.74376	1529.02693
7.919921	1	1	1	0	1546.15663	1524.74471	1529.02693
7.939921	1	1	1	0	1546.16868	1524.74395	1529.02883
7.959920	1	1	1	0	1546.16479	1524.74320	1529.02312
7.979920	1	1	1	0	1546.16421	1524.74471	1529.02902
7.999920	1	1	1	0	1546.16188	1524.74301	1529.02502
8.019920	1	1	1	0	1546.15819	1524.74301	1529.02693
8.039920	1	1	1	0	1546.15760	1524.74471	1529.02902
8.059919	1	1	1	0	1546.15974	1524.74471	1529.02693
8.079919	1	1	1	0	1546.15819	1524.74471	1529.02693
8.099919	1	1	1	0	1546.16266	1524.74187	1529.02883
8.119919	1	1	1	0	1546.16635	1524.74584	1529.02693
8.139919	1	1	1	0	1546.15605	1524.74301	1529.02693
8.159918	1	1	1	0	1546.15605	1524.74395	1529.02883
8.179918	1	1	1	0	1546.15760	1524.74112	1529.02693
8.199918	1	1	1	0	1546.15605	1524.74112	1529.02693
8.219918	1	1	1	0	1546.16188	1524.74471	1529.02883
8.239918	1	1	1	0	1546.15819	1524.74112	1529.02883
8.259917	1	1	1	0	1546.16479	1524.74301	1529.02502
8.279917	1	1	1	0	1546.16868	1524.74187	1529.02502
8.299917	1	1	1	0	1546.15371	1524.74509	1529.02693
8.319917	1	1	1	0	1546.15663	1524.74206	1529.02712
8.339916	1	1	1	0	1546.15760	1524.74301	1529.02502
8.359916	1	1	1	0	1546.16266	1524.74301	1529.02883
8.379916	1	1	1	0	1546.16421	1524.74584	1529.02502
8.399916	1	1	1	0	1546.16266	1524.74395	1529.02693
8.419916	1	1	1	0	1546.15605	1524.74376	1529.02712
8.439916	1	1	1	0	1546.16266	1524.74112	1529.02712
8.459916	1	1	1	0	1546.15819	1524.74301	1529.02883
8.479915	1	1	1	0	1546.16635	1524.74301	1529.02502
8.499915	1	1	1	0	1546.15974	1524.74301	1529.02502
8.519915	1	1	1	0	1546.15974	1524.74471	1529.02502
8.539915	1	1	1	0	1546.16479	1524.74584	1529.02502
8.559914	1	1	1	0	1546.15819	1524.74301	1529.03073
8.579914	1	1	1	0	1546.16266	1524.74395	1529.02693
8.599914	1	1	1	0	1546.15313	1524.74471	1529.02693
8.619914	1	1	1	0	1546.16266	1524.74112	1529.02502
8.639914	1	1	1	0	1546.16479	1524.74376	1529.02312
8.659913	1	1	1	0	1546.16032	1524.74301	1529.02693
8.679913	1	1	1	0	1546.16635	1524.74301	1529.02693
8.699913	1	1	1	0	1546.16635	1524.74471	1529.02693
8.719913	1	1	1	0	1546.15760	1524.74660	1529.02502
8.739913	1	1	1	0	1546.15760	1524.74301	1529.02502
8.759912	1	1	1	0	1546.15605	1524.74301	1529.02693
8.779912	1	1	1	0	1546.16421	1524.74301	1529.02502
8.799912	1	1	1	0	1546.16266	1524.74395	1529.02502
8.819912	1	1	1	0	1546.16188	1524.74376	1529.02502
8.839911	1	1	1	0	1546.15974	1524.74301	1529.02502
8.859911	1	1	1	0	1546.15371	1524.74301	1529.02502
8.879911	1	1	1	0	1546.16266	1524.74112	1529.02693
8.899911	1	1	1	0	1546.15663	1524.74301	1529.02883
8.919911	1	1	1	0	1546.16635	1524.74301	1529.02502
8.939911	1	1	1	0	1546.15819	1524.74301	1529.02502
8.959910	1	1	1	0	1546.16324	1524.74112	1529.03092
8.979910	1	1	1	0	1546.15819	1524.74584	1529.02502
8.999910	1	1	1	0	1546.15819	1524.74301	1529.02693
9.019910	1	1	1	0	1546.16266	1524.74301	1529.02712
9.039910	1	1	1	0	1546.16479	1524.74471	1529.02693
9.059909	1	1	1	0	1546.15760	1524.74301	1529.03073
9.079909	1	1	1	0	1546.16032	1524.74376	1529.02502
9.099909	1	1	1	0	1546.16032	1524.74206	1529.02693
9.119909	1	1	1	0	1546.16266	1524.74301	1529.02693
9.139909	1	1	1	0	1546.15877	1524.74112	1529.02293
9.159909	1	1	1	0	1546.16266	1524.74187	1529.02502
9.179909	1	1	1	0	1546.15819	1524.74471	1529.02693
9.199908	1	1	1	0	1546.15605	1524.74301	1529.02712
9.219908	1	1	1	0	1546.16110	1524.74187	1529.02712
9.239908	1	1	1	0	1546.15683	1524.74376	1529.02712
9.259907	1	1	1	0	1546.16868	1524.74395	1529.02502
9.279907	1	1	1	0	1546.15760	1524.74471	1529.02502
9.299907	1	1	1	0	1546.16868	1524.74471	1529.02502
9.319907	1	1	1	0	1546.16266	1524.74395	1529.02712
9.339907	1	1	1	0	1546.16868	1524.74301	1529.02693
9.359906	1	1	1	0	1546.16693	1524.74187	1529.02502
9.379906	1	1	1	0	1546.15819	1524.74206	1529.02883
9.399906	1	1	1	0	1546.16032	1524.74301	1529.02502
9.419906	1	1	1	0	1546.16421	1524.74206	1529.02693
9.439906	1	1	1	0	1546.15605	1524.74301	1529.02502
9.459905	1	1	1	0	1546.15605	1524.73923	1529.02502
9.479905	1	1	1	0	1546.16421	1524.74301	1529.02502
9.499905	1	1	1	0	1546.15605	1524.74471	1529.02502
9.519905	1	1	1	0	1546.16266	1524.74471	1529.02312
9.539905	1	1	1	0	1546.16479	1524.74206	1529.02293
9.559905	1	1	1	0	1546.16266	1524.74395	1529.02502
9.579904	1	1	1	0	1546.15760	1524.74376	1529.02883
9.599904	1	1	1	0	1546.15605	1524.74395	1529.02883
9.619904	1	1	1	0	1546.17354	1524.74471	1529.02712
9.639904	1	1	1	0	1546.16266	1524.74301	1529.02502
9.659904	1	1	1	0	1546.15974	1524.74395	1529.02902
9.679903	1	1	1	0	1546.16926	1524.74471	1529.02712
9.699903	1	1	1	0	1546.16324	1524.74320	1529.02312
9.719903	1	1	1	0	1546.16635	1524.74301	1529.02502
9.739903	1	1	1	0	1546.15819	1524.74471	1529.02502
9.759902	1	1	1	0	1546.15819	1524.74112	1529.02484
9.779902	1	1	1	0	1546.16479	1524.74395	1529.02693
9.799902	1	1	1	0	1546.16266	1524.74036	1529.02502
9.819902	1	1	1	0	1546.16693	1524.74376	1529.02883
9.839902	1	1	1	0	1546.16538	1524.74376	1529.02502
9.859901	1	1	1	0	1546.16266	1524.74301	1529.02484
9.879901	1	1	1	0	1546.16635	1524.74471	1529.02693
9.899901	1	1	1	0	1546.15527	1524.74206	1529.02883
9.919901	1	1	1	0	1546.16868	1524.74301	1529.02883
9.939901	1	1	1	0	1546.15974	1524.74301	1529.02293
9.959900	1	1	1	0	1546.16032	1524.74471	1529.02712
9.979900	1	1	1	0	1546.16032	1524.74112	1529.03092
9.999900	1	1	1	0	1546.16421	1524.74395	1529.02502
10.019900	1	1	1	0	1546.16266	1524.74395	1529.02712
10.039900	1	1	1	0	1546.16032	1524.74395	1529.02902
10.059900	1	1	1	0	1546.15663	1524.74395	1529.02502
10.079899	1	1	1	0	1546.16188	1524.74206	1529.02521
10.099899	1	1	1	0	1546.15974	1524.74395	1529.02502
10.119899	1	1	1	0	1546.16032	1524.74376	1529.02883
10.139899	1	1	1	0	1546.16926	1524.74471	1529.02902
10.159898	1	1	1	0	1546.16188	1524.74112	1529.02293
10.179898	1	1	1	0	1546.16188	1524.74112	1529.02693
10.199898	1	1	1	0	1546.16479	1524.74395	1529.02502
10.219898	1	1	1	0	1546.16032	1524.74206	1529.02502
10.239898	1	1	1	0	1546.15605	1524.74131	1529.02502
10.259897	1	1	1	0	1546.16266	1524.74395	1529.02502
10.279897	1	1	1	0	1546.15371	1524.74395	1529.02883
10.299897	1	1	1	0	1546.17082	1524.74395	1529.02902
10.319897	1	1	1	0	1546.16188	1524.74395	1529.03092
10.339897	1	1	1	0	1546.15158	1524.74112	1529.02312
10.359896	1	1	1	0	1546.16188	1524.74301	1529.02312
10.379896	1	1	1	0	1546.16635	1524.74206	1529.02711
10.399896	1	1	1	0	1546.15313	1524.74206	1529.02483
10.419896	1	1	1	0	1546.15760	1524.74471	1529.02502
10.439896	1	1	1	0	1546.15818	1524.74395	1529.02901
10.459895	1	1	1	0	1546.16479	1524.74471	1529.02692
10.479895	1	1	1	0	1546.16032	1524.74395	1529.02883
10.499895	1	1	1	0	1546.15605	1524.74301	1529.02711
10.519895	1	1	1	0	1546.15818	1524.74471	1529.02502
10.539895	1	1	1	0	1546.15760	1524.74301	1529.02711
10.559894	1	1	1	0	1546.16421	1524.74395	1529.02692
10.579894	1	1	1	0	1546.16265	1524.74301	1529.02692
10.599894	1	1	1	0	1546.15313	1524.74471	1529.02483
10.619894	1	1	1	0	1546.16032	1524.74187	1529.02692
10.639894	1	1	1	0	1546.17354	1524.74301	1529.02502
10.659893	1	1	1	0	1546.16635	1524.74111	1529.02312
10.679893	1	1	1	0	1546.16926	1524.74301	1529.02692
10.699893	1	1	1	0	1546.15605	1524.74301	1529.02883
10.719893	1	1	1	0	1546.16635	1524.74206	1529.02502
10.739893	1	1	1	0	1546.16421	1524.74111	1529.02692
10.759892	1	1	1	0	1546.15974	1524.74111	1529.02692
10.779892	1	1	1	0	1546.15371	1524.74301	1529.02502
10.799892	1	1	1	0	1546.16479	1524.74301	1529.02692
10.819892	1	1	1	0	1546.16188	1524.74111	1529.02692
10.839892	1	1	1	0	1546.16032	1524.74471	1529.02711
10.859891	1	1	1	0	1546.16265	1524.74301	1529.02692
10.879891	1	1	1	0	1546.16032	1524.74301	1529.02883
10.899891	1	1	1	0	1546.15974	1524.74206	1529.02711
10.919891	1	1	1	0	1546.16421	1524.74376	1529.02883
10.939891	1	1	1	0	1546.16188	1524.74584	1529.02883
10.959890	1	1	1	0	1546.16188	1524.74471	1529.02711
10.979890	1	1	1	0	1546.16265	1524.74508	1529.02692
10.999890	1	1	1	0	1546.15974	1524.74206	1529.02692
11.019890	1	1	1	0	1546.16421	1524.74395	1529.02502
11.039890	1	1	1	0	1546.16110	1524.74471	1529.02883
11.059889	1	1	1	0	1546.16188	1524.74301	1529.02883
11.079889	1	1	1	0	1546.15663	1524.74301	1529.02502
11.099889	1	1	1	0	1546.15313	1524.74376	1529.02312
11.119889	1	1	1	0	1546.16479	1524.74376	1529.02692
11.139889	1	1	1	0	1546.15605	1524.74130	1529.02883
11.159888	1	1	1	0	1546.16032	1524.74111	1529.03092
11.179888	1	1	1	0	1546.16188	1524.74471	1529.02692
11.199888	1	1	1	0	1546.16693	1524.74395	1529.02883
11.219888	1	1	1	0	1546.16479	1524.74395	1529.02883
11.239888	1	1	1	0	1546.16265	1524.74111	1529.02521
11.259887	1	1	1	0	1546.16421	1524.74376	1529.02502
11.279887	1	1	1	0	1546.16421	1524.74187	1529.02711
11.299887	1	1	1	0	1546.15760	1524.74301	1529.02692
11.319887	1	1	1	0	1546.16265	1524.74111	1529.02711
11.339886	1	1	1	0	1546.16032	1524.74395	1529.02502
11.359886	1	1	1	0	1546.16188	1524.74395	1529.02711
11.379886	1	1	1	0	1546.15818	1524.74395	1529.02293
11.399886	1	1	1	0	1546.16635	1524.74301	1529.02692
11.419886	1	1	1	0	1546.15605	1524.74395	1529.02312
11.439886	1	1	1	0	1546.15371	1524.74395	1529.02502
11.459885	1	1	1	0	1546.16265	1524.74111	1529.02692
11.479885	1	1	1	0	1546.16032	1524.74301	1529.02692
11.499885	1	1	1	0	1546.16421	1524.74301	1529.02711
11.519885	1	1	1	0	1546.15760	1524.74301	1529.02692
11.539885	1	1	1	0	1546.16635	1524.74301	1529.02883
11.559884	1	1	1	0	1546.15818	1524.74111	1529.02692
11.579884	1	1	1	0	1546.15527	1524.74395	1529.02502
11.599884	1	1	1	0	1546.16421	1524.74471	1529.02711
11.619884	1	1	1	0	1546.15760	1524.74660	1529.02883
11.639884	1	1	1	0	1546.15371	1524.74187	1529.02502
11.659883	1	1	1	0	1546.16265	1524.74111	1529.02711
11.679883	1	1	1	0	1546.16421	1524.74471	1529.02711
11.699883	1	1	1	0	1546.15818	1524.74471	1529.02711
11.719883	1	1	1	0	1546.15760	1524.74395	1529.02692
11.739882	1	1	1	0	1546.15818	1524.74055	1529.02502
11.759882	1	1	1	0	1546.16129	1524.74111	1529.02692
11.779882	1	1	1	0	1546.15818	1524.74111	1529.02692
11.799882	1	1	1	0	1546.16265	1524.74036	1529.02502
11.819882	1	1	1	0	1546.15974	1524.74301	1529.02502
11.839882	1	1	1	0	1546.16265	1524.74584	1529.02312
11.859881	1	1	1	0	1546.16926	1524.74206	1529.02901
11.879881	1	1	1	0	1546.15818	1524.74471	1529.02521
11.899881	1	1	1	0	1546.16265	1524.74301	1529.02883
11.919881	1	1	1	0	1546.16188	1524.74206	1529.02293
11.939881	1	1	1	0	1546.16635	1524.74395	1529.02502
11.959880	1	1	1	0	1546.15974	1524.74301	1529.02711
11.979880	1	1	1	0	1546.16324	1524.74111	1529.02502
11.999880	1	1	1	0	1546.16421	1524.74395	1529.02502
12.019880	1	1	1	0	1546.16032	1524.74395	1529.02521
12.039880	1	1	1	0	1546.15760	1524.74471	1529.02711
12.059879	1	1	1	0	1546.16635	1524.74452	1529.02883
12.079879	1	1	1	0	1546.17140	1524.74395	1529.02502
12.099879	1	1	1	0	1546.16324	1524.74376	1529.02502
12.119879	1	1	1	0	1546.16421	1524.74187	1529.02692
12.139879	1	1	1	0	1546.16188	1524.74206	1529.02502
12.159878	1	1	1	0	1546.16926	1524.74130	1529.02502
12.179878	1	1	1	0	1546.16421	1524.74301	1529.02692
12.199878	1	1	1	0	1546.15974	1524.74301	1529.02502
12.219878	1	1	1	0	1546.15605	1524.74187	1529.02692
12.239878	1	1	1	0	1546.16421	1524.74471	1529.02312
12.259877	1	1	1	0	1546.16479	1524.74301	1529.02502
12.279877	1	1	1	0	1546.16693	1524.74301	1529.02521
12.299877	1	1	1	0	1546.16188	1524.74471	1529.02502
12.319877	1	1	1	0	1546.15974	1524.74471	1529.02692
12.339876	1	1	1	0	1546.16265	1524.74301	1529.02502
12.359876	1	1	1	0	1546.16032	1524.74301	1529.02692
12.379876	1	1	1	0	1546.16032	1524.74301	1529.02692
12.399876	1	1	1	0	1546.16265	1524.74471	1529.02711
12.419876	1	1	1	0	1546.16188	1524.74301	1529.02692
12.439876	1	1	1	0	1546.15974	1524.74508	1529.02692
12.459876	1	1	1	0	1546.16188	1524.74301	1529.02883
12.479875	1	1	1	0	1546.16635	1524.74395	1529.02502
12.499875	1	1	1	0	1546.16479	1524.74301	1529.02883
12.519875	1	1	1	0	1546.16693	1524.74301	1529.02883
12.539875	1	1	1	0	1546.16188	1524.74111	1529.02502
12.559875	1	1	1	0	1546.15371	1524.74395	1529.02692
12.579874	1	1	1	0	1546.15605	1524.74471	1529.02502
12.599874	1	1	1	0	1546.15760	1524.74301	1529.02502
12.619874	1	1	1	0	1546.15974	1524.74471	1529.02711
12.639874	1	1	1	0	1546.15974	1524.74301	1529.02883
12.659873	1	1	1	0	1546.17082	1524.74471	1529.02502
12.679873	1	1	1	0	1546.15818	1524.74206	1529.02692
12.699873	1	1	1	0	1546.16032	1524.74471	1529.02711
12.719873	1	1	1	0	1546.15974	1524.74395	1529.02502
12.739872	1	1	1	0	1546.16693	1524.74471	1529.02502
12.759872	1	1	1	0	1546.16479	1524.74206	1529.02711
12.779872	1	1	1	0	1546.16926	1524.74376	1529.02692
12.799872	1	1	1	0	1546.16265	1524.74395	1529.02692
12.819872	1	1	1	0	1546.16926	1524.74470	1529.02711
12.839872	1	1	1	0	1546.16635	1524.74565	1529.02692
12.859871	1	1	1	0	1546.16265	1524.74395	1529.02502
12.879871	1	1	1	0	1546.17140	1524.74206	1529.02502
12.899871	1	1	1	0	1546.17082	1524.74262	1529.02483
12.919871	1	1	1	0	1546.15604	1524.74206	1529.02483
12.939871	1	1	1	0	1546.16421	1524.74300	1529.02502
12.959870	1	1	1	0	1546.15818	1524.74300	1529.02692
12.979870	1	1	1	0	1546.16265	1524.74470	1529.02692
12.999870	1	1	1	0	1546.15974	1524.74206	1529.02502
13.019870	1	1	1	0	1546.17082	1524.74376	1529.02293
13.039870	1	1	1	0	1546.16421	1524.74300	1529.02502
13.059869	1	1	1	0	1546.16479	1524.74300	1529.02502
13.079869	1	1	1	0	1546.15527	1524.74300	1529.02711
13.099869	1	1	1	0	1546.16479	1524.74206	1529.02711
13.119869	1	1	1	0	1546.16187	1524.74395	1529.03072
13.139868	1	1	1	0	1546.16771	1524.74111	1529.02692
13.159868	1	1	1	0	1546.16421	1524.74300	1529.02692
13.179868	1	1	1	0	1546.16693	1524.74300	1529.02502
13.199868	1	1	1	0	1546.16265	1524.74300	1529.02502
13.219868	1	1	1	0	1546.15527	1524.74414	1529.02502
13.239868	1	1	1	0	1546.15760	1524.74206	1529.02312
13.259867	1	1	1	0	1546.16187	1524.74300	1529.02312
13.279867	1	1	1	0	1546.15371	1524.74395	1529.02502
13.299867	1	1	1	0	1546.16032	1524.74300	1529.02502
13.319867	1	1	1	0	1546.16693	1524.74395	1529.02692
13.339866	1	1	1	0	1546.16635	1524.74395	1529.02692
13.359866	1	1	1	0	1546.16984	1524.73922	1529.02502
13.379866	1	1	1	0	1546.16265	1524.74300	1529.02483
13.399866	1	1	1	0	1546.16421	1524.74036	1529.02692
13.419866	1	1	1	0	1546.16187	1524.74300	1529.02692
13.439866	1	1	1	0	1546.16032	1524.74300	1529.02882
13.459865	1	1	1	0	1546.16265	1524.74187	1529.02502
13.479865	1	1	1	0	1546.15974	1524.74395	1529.02692
13.499865	1	1	1	0	1546.15527	1524.74300	1529.02692
13.519865	1	1	1	0	1546.15760	1524.74470	1529.02502
13.539865	1	1	1	0	1546.16693	1524.74111	1529.02692
13.559864	1	1	1	0	1546.16265	1524.74395	1529.02692
13.579864	1	1	1	0	1546.15974	1524.74111	1529.02882
13.599864	1	1	1	0	1546.16479	1524.74319	1529.02711
13.619864	1	1	1	0	1546.16265	1524.74395	1529.02502
13.639863	1	1	1	0	1546.16693	1524.74471	1529.02502
13.659863	1	1	1	0	1546.16265	1524.74187	1529.02502
13.679863	1	1	1	0	1546.15974	1524.74471	1529.02883
13.699863	1	1	1	0	1546.16032	1524.74471	1529.02711
13.719863	1	1	1	0	1546.15818	1524.74395	1529.02692
13.739862	1	1	1	0	1546.15371	1524.74111	1529.02692
13.759862	1	1	1	0	1546.16868	1524.74395	1529.02502
13.779862	1	1	1	0	1546.15313	1524.74395	1529.02883
13.799862	1	1	1	0	1546.15371	1524.74376	1529.02711
13.819862	1	1	1	0	1546.16032	1524.74301	1529.02502
13.839861	1	1	1	0	1546.16265	1524.74395	1529.02692
13.859861	1	1	1	0	1546.15760	1524.74206	1529.02692
13.879861	1	1	1	0	1546.15818	1524.74471	1529.02692
13.899861	1	1	1	0	1546.17082	1524.74301	1529.02502
13.919861	1	1	1	0	1546.16032	1524.74187	1529.02692
13.939861	1	1	1	0	1546.16188	1524.74301	1529.02502
13.959860	1	1	1	0	1546.14944	1524.74301	1529.02692
13.979860	1	1	1	0	1546.16032	1524.74301	1529.02692
13.999860	1	1	1	0	1546.15974	1524.74301	1529.02883
14.019860	1	1	1	0	1546.16421	1524.74376	1529.02692
14.039860	1	1	1	0	1546.15818	1524.74395	1529.02502
14.059859	1	1	1	0	1546.17082	1524.74376	1529.02692
14.079859	1	1	1	0	1546.16868	1524.74301	1529.02711
14.099859	1	1	1	0	1546.17140	1524.74660	1529.02312
14.119859	1	1	1	0	1546.15974	1524.74111	1529.02692
14.139858	1	1	1	0	1546.16868	1524.74395	1529.02692
14.159858	1	1	1	0	1546.15818	1524.74395	1529.02901
14.179858	1	1	1	0	1546.15974	1524.74395	1529.02293
14.199858	1	1	1	0	1546.16188	1524.74130	1529.03092
14.219858	1	1	1	0	1546.15760	1524.74319	1529.02502
14.239857	1	1	1	0	1546.17354	1524.74206	1529.02692
14.259857	1	1	1	0	1546.16479	1524.74471	1529.02711
14.279857	1	1	1	0	1546.15760	1524.74206	1529.02883
14.299857	1	1	1	0	1546.16265	1524.74301	1529.02883
14.319857	1	1	1	0	1546.16265	1524.74471	1529.02502
14.339857	1	1	1	0	1546.15760	1524.74301	1529.02293
14.359856	1	1	1	0	1546.16693	1524.74376	1529.02864
14.379856	1	1	1	0	1546.15818	1524.74584	1529.02502
14.399856	1	1	1	0	1546.16479	1524.74206	1529.02692
14.419856	1	1	1	0	1546.16868	1524.74376	1529.02692
14.439856	1	1	1	0	1546.16032	1524.74301	1529.02711
14.459856	1	1	1	0	1546.15605	1524.74471	1529.02502
14.479855	1	1	1	0	1546.15760	1524.74376	1529.02502
14.499855	1	1	1	0	1546.15819	1524.74112	1529.02712
14.519855	1	1	1	0	1546.16635	1524.74206	1529.02712
14.539855	1	1	1	0	1546.15760	1524.74376	1529.02712
14.559854	1	1	1	0	1546.15760	1524.74112	1529.02502
14.579854	1	1	1	0	1546.17140	1524.74206	1529.02693
14.599854	1	1	1	0	1546.17082	1524.74301	1529.02502
14.619854	1	1	1	0	1546.16032	1524.74395	1529.02883
14.639853	1	1	1	0	1546.16188	1524.74376	1529.02502
14.659853	1	1	1	0	1546.16266	1524.74395	1529.02502
14.679853	1	1	1	0	1546.16926	1524.74206	1529.02502
14.699853	1	1	1	0	1546.15819	1524.74187	1529.02502
14.719853	1	1	1	0	1546.16032	1524.74584	1529.02693
14.739852	1	1	1	0	1546.16421	1524.74471	1529.02502
14.759852	1	1	1	0	1546.16032	1524.74301	1529.02103
14.779852	1	1	1	0	1546.16032	1524.74471	1529.02883
14.799852	1	1	1	0	1546.15605	1524.74187	1529.02883
14.819852	1	1	1	0	1546.15974	1524.74376	1529.02712
14.839852	1	1	1	0	1546.16421	1524.74301	1529.02502
14.859851	1	1	1	0	1546.15916	1524.74376	1529.02693
14.879851	1	1	1	0	1546.16032	1524.74112	1529.02693
14.899851	1	1	1	0	1546.16926	1524.74301	1529.02693
14.919851	1	1	1	0	1546.16363	1524.74395	1529.02312
14.939851	1	1	1	0	1546.16188	1524.74112	1529.02693
14.959850	1	1	1	0	1546.16188	1524.74131	1529.02502
14.979850	1	1	1	0	1546.15916	1524.74301	1529.02312
14.999850	1	1	1	0	1546.16926	1524.74206	1529.02693
15.019850	1	1	1	0	1546.15974	1524.74395	1529.02502
15.039850	1	1	1	0	1546.16032	1524.74471	1529.02883
15.059849	1	1	1	0	1546.16479	1524.74301	1529.02502
15.079849	1	1	1	0	1546.16635	1524.74187	1529.02693
15.099849	1	1	1	0	1546.15760	1524.74112	1529.02502
15.119849	1	1	1	0	1546.15760	1524.74187	1529.02312
15.139848	1	1	1	0	1546.16188	1524.74206	1529.02293
15.159848	1	1	1	0	1546.15974	1524.74301	1529.02502
15.179848	1	1	1	0	1546.16266	1524.74206	1529.02502
15.199848	1	1	1	0	1546.16635	1524.74112	1529.02693
15.219848	1	1	1	0	1546.16693	1524.74301	1529.02693
15.239848	1	1	1	0	1546.16188	1524.74206	1529.02502
15.259847	1	1	1	0	1546.16421	1524.74301	1529.02502
15.279847	1	1	1	0	1546.16032	1524.74206	1529.02502
15.299847	1	1	1	0	1546.16188	1524.74660	1529.02692
15.319847	1	1	1	0	1546.16635	1524.74130	1529.02692
15.339846	1	1	1	0	1546.16188	1524.74471	1529.02692
15.359846	1	1	1	0	1546.15818	1524.74111	1529.02883
15.379846	1	1	1	0	1546.15760	1524.74471	1529.02502
15.399846	1	1	1	0	1546.16479	1524.74111	1529.02883
15.419846	1	1	1	0	1546.15605	1524.74301	1529.02502
15.439846	1	1	1	0	1546.16265	1524.74111	1529.02901
15.459845	1	1	1	0	1546.17296	1524.74471	1529.02692
15.479845	1	1	1	0	1546.16693	1524.74036	1529.02883
15.499845	1	1	1	0	1546.15313	1524.74584	1529.02502
15.519845	1	1	1	0	1546.16032	1524.74111	1529.02711
15.539845	1	1	1	0	1546.16032	1524.74471	1529.02521
15.559844	1	1	1	0	1546.16635	1524.74301	1529.02331
15.579844	1	1	1	0	1546.16188	1524.74301	1529.02502
15.599844	1	1	1	0	1546.16421	1524.74036	1529.02502
15.619844	1	1	1	0	1546.16479	1524.74301	1529.02502
15.639844	1	1	1	0	1546.16188	1524.74319	1529.02502
15.659843	1	1	1	0	1546.16032	1524.74187	1529.02711
15.679843	1	1	1	0	1546.15974	1524.74395	1529.02293
15.699843	1	1	1	0	1546.16188	1524.74471	1529.02883
15.719843	1	1	1	0	1546.15605	1524.74301	1529.02711
15.739842	1	1	1	0	1546.16421	1524.74301	1529.02692
15.759842	1	1	1	0	1546.16479	1524.74206	1529.02502
15.779842	1	1	1	0	1546.15760	1524.74301	1529.02502
15.799842	1	1	1	0	1546.16265	1524.74395	1529.02502
15.819842	1	1	1	0	1546.16926	1524.74206	1529.02692
15.839842	1	1	1	0	1546.15527	1524.74376	1529.02483
15.859841	1	1	1	0	1546.16479	1524.74036	1529.02883
15.879841	1	1	1	0	1546.16188	1524.74111	1529.02901
15.899841	1	1	1	0	1546.16265	1524.74111	1529.02692
15.919841	1	1	1	0	1546.15527	1524.74301	1529.02502
15.939841	1	1	1	0	1546.15760	1524.74206	1529.02502
15.959840	1	1	1	0	1546.16265	1524.74395	1529.02502
15.979840	1	1	1	0	1546.15760	1524.74395	1529.02711
15.999840	1	1	1	0	1546.15818	1524.74206	1529.02692
16.019840	1	1	1	0	1546.15818	1524.74111	1529.02502
16.039840	1	1	1	0	1546.16479	1524.74111	1529.02692
16.059839	1	1	1	0	1546.15605	1524.74471	1529.02711
16.079839	1	1	1	0	1546.15818	1524.74187	1529.02502
16.099839	1	1	1	0	1546.16479	1524.74376	1529.02711
16.119839	1	1	1	0	1546.16032	1524.74187	1529.02882
16.139838	1	1	1	0	1546.15974	1524.73998	1529.02901
16.159838	1	1	1	0	1546.16032	1524.74319	1529.02312
16.179838	1	1	1	0	1546.16265	1524.74206	1529.02502
16.199838	1	1	1	0	1546.15002	1524.74206	1529.02692
16.219838	1	1	1	0	1546.16479	1524.74206	1529.02502
16.239838	1	1	1	0	1546.16187	1524.74300	1529.02692
16.259837	1	1	1	0	1546.16032	1524.74395	1529.02692
16.279837	1	1	1	0	1546.15604	1524.74300	1529.02502
16.299837	1	1	1	0	1546.15760	1524.74206	1529.02711
16.319837	1	1	1	0	1546.15818	1524.74300	1529.02502
16.339837	1	1	1	0	1546.16421	1524.74206	1529.02502
16.359836	1	1	1	0	1546.15604	1524.74300	1529.02692
16.379836	1	1	1	0	1546.16635	1524.74206	1529.02312
16.399836	1	1	1	0	1546.16110	1524.74376	1529.02502
16.419836	1	1	1	0	1546.16868	1524.73922	1529.02502
16.439836	1	1	1	0	1546.15760	1524.74206	1529.02882
16.459835	1	1	1	0	1546.16421	1524.74300	1529.02692
16.479835	1	1	1	0	1546.16479	1524.74111	1529.02312
16.499835	1	1	1	0	1546.15974	1524.74395	1529.02692
16.519835	1	1	1	0	1546.17082	1524.74376	1529.02502
16.539835	1	1	1	0	1546.16265	1524.74300	1529.02502
16.559834	1	1	1	0	1546.16479	1524.74470	1529.02901
16.579834	1	1	1	0	1546.16479	1524.74508	1529.02502
16.599834	1	1	1	0	1546.16265	1524.74300	1529.02711
16.619834	1	1	1	0	1546.16868	1524.74206	1529.02502
16.639833	1	1	1	0	1546.15818	1524.74187	1529.02692
16.659833	1	1	1	0	1546.16635	1524.74395	1529.02502
16.679833	1	1	1	0	1546.15157	1524.74206	1529.02692
16.699833	1	1	1	0	1546.16421	1524.74111	1529.02692
16.719833	1	1	1	0	1546.17140	1524.74111	1529.02692
16.739832	1	1	1	0	1546.15818	1524.74508	1529.02692
16.759832	1	1	1	0	1546.15818	1524.74470	1529.02882
16.779832	1	1	1	0	1546.16421	1524.74395	1529.02692
16.799832	1	1	1	0	1546.16265	1524.74206	1529.02502
16.819832	1	1	1	0	1546.16265	1524.74300	1529.02312
16.839831	1	1	1	0	1546.16421	1524.74470	1529.02502
16.859831	1	1	1	0	1546.15974	1524.74206	1529.02711
16.879831	1	1	1	0	1546.15313	1524.74206	1529.02692
16.899831	1	1	1	0	1546.15974	1524.74187	1529.02502
16.919831	1	1	1	0	1546.15604	1524.74206	1529.02502
16.939831	1	1	1	0	1546.15604	1524.74395	1529.02692
16.959830	1	1	1	0	1546.16265	1524.74300	1529.02502
16.979830	1	1	1	0	1546.16032	1524.74206	1529.02692
16.999830	1	1	1	0	1546.15157	1524.74395	1529.02882
17.019830	1	1	1	0	1546.15818	1524.74395	1529.02502
17.039829	1	1	1	0	1546.16421	1524.74300	1529.02502
17.059829	1	1	1	0	1546.16032	1524.74206	1529.02293
17.079829	1	1	1	0	1546.15527	1524.74111	1529.02692
17.099829	1	1	1	0	1546.15604	1524.74300	1529.02692
17.119829	1	1	1	0	1546.16479	1524.74111	1529.02692
17.139829	1	1	1	0	1546.16421	1524.74300	1529.02882
17.159828	1	1	1	0	1546.16032	1524.74470	1529.02502
17.179828	1	1	1	0	1546.16926	1524.74187	1529.02483
17.199828	1	1	1	0	1546.15974	1524.74187	1529.03091
17.219828	1	1	1	0	1546.15527	1524.74206	1529.02692
17.239827	1	1	1	0	1546.16479	1524.74395	1529.02692
17.259827	1	1	1	0	1546.16265	1524.74036	1529.02692
17.279827	1	1	1	0	1546.16265	1524.74300	1529.02293
17.299827	1	1	1	0	1546.15818	1524.74319	1529.02692
17.319827	1	1	1	0	1546.15818	1524.74300	1529.02692
17.339826	1	1	1	0	1546.16635	1524.74187	1529.02692
17.359826	1	1	1	0	1546.15527	1524.74206	1529.02692
17.379826	1	1	1	0	1546.15974	1524.74111	1529.02882
17.399826	1	1	1	0	1546.15915	1524.74470	1529.02502
17.419826	1	1	1	0	1546.16693	1524.74773	1529.02293
17.439825	1	1	1	0	1546.16032	1524.74470	1529.02502
17.459825	1	1	1	0	1546.16265	1524.74395	1529.02502
17.479825	1	1	1	0	1546.16479	1524.74395	1529.02502
17.499825	1	1	1	0	1546.16032	1524.74470	1529.02692
17.519825	1	1	1	0	1546.16032	1524.74300	1529.02882
17.539824	1	1	1	0	1546.16032	1524.74300	1529.02483
17.559824	1	1	1	0	1546.16032	1524.74130	1529.02692
17.579824	1	1	1	0	1546.16187	1524.73847	1529.02502
17.599824	1	1	1	0	1546.15760	1524.73544	1529.02502
17.619824	1	1	1	0	1546.15818	1524.73450	1529.02882
17.639823	1	1	1	0	1546.15818	1524.73185	1529.02502
17.659823	1	1	1	0	1546.16693	1524.73450	1529.02692
17.679823	1	1	1	0	1546.16926	1524.72996	1529.02502
17.699823	1	1	1	0	1546.17082	1524.72996	1529.02312
17.719823	1	1	1	0	1546.15604	1524.73110	1529.02312
17.739822	1	1	1	0	1546.16868	1524.73185	1529.02502
17.759822	1	1	1	0	1546.16693	1524.73071	1529.02502
17.779822	1	1	1	0	1546.15818	1524.73393	1529.02711
17.799822	1	1	1	0	1546.16868	1524.73109	1529.02882
17.819822	1	1	1	0	1546.15526	1524.73185	1529.02882
17.839822	1	1	1	0	1546.16634	1524.72920	1529.02502
17.859821	1	1	1	0	1546.16479	1524.72996	1529.02502
17.879821	1	1	1	0	1546.16479	1524.73109	1529.02502
17.899821	1	1	1	0	1546.15371	1524.72618	1529.02711
17.919821	1	1	1	0	1546.16265	1524.72807	1529.02692
17.939821	1	1	1	0	1546.16634	1524.72807	1529.02502
17.959820	1	1	1	0	1546.15818	1524.72731	1529.02711
17.979820	1	1	1	0	1546.16265	1524.72429	1529.02293
17.999820	1	1	1	0	1546.16187	1524.72259	1529.02502
18.019820	1	1	1	0	1546.16265	1524.72145	1529.02502
18.039819	1	1	1	0	1546.16032	1524.72070	1529.02711
18.059819	1	1	1	0	1546.15915	1524.72070	1529.02502
18.079819	1	1	1	0	1546.16265	1524.71881	1529.02711
18.099819	1	1	1	0	1546.15526	1524.71692	1529.02692
18.119819	1	1	1	0	1546.16421	1524.71729	1529.02312
18.139818	1	1	1	0	1546.15682	1524.71616	1529.02711
18.159818	1	1	1	0	1546.16693	1524.71503	1529.02502
18.179818	1	1	1	0	1546.16032	1524.71616	1529.02711
18.199818	1	1	1	0	1546.15526	1524.71314	1529.02502
18.219818	1	1	1	0	1546.16032	1524.71314	1529.02502
18.239818	1	1	1	0	1546.16479	1524.71257	1529.02901
18.259817	1	1	1	0	1546.16187	1524.71143	1529.02692
18.279817	1	1	1	0	1546.16187	1524.71427	1529.02882
18.299817	1	1	1	0	1546.16032	1524.71503	1529.02692
18.319817	1	1	1	0	1546.15973	1524.71503	1529.02692
18.339816	1	1	1	0	1546.15371	1524.71427	1529.02882
18.359816	1	1	1	0	1546.16032	1524.71068	1529.02692
18.379816	1	1	1	0	1546.15760	1524.71143	1529.02882
18.399816	1	1	1	0	1546.16479	1524.71068	1529.02502
18.419816	1	1	1	0	1546.15313	1524.70954	1529.02711
18.439816	1	1	1	0	1546.15973	1524.70879	1529.02312
18.459815	1	1	1	0	1546.16421	1524.70690	1529.02711
18.479815	1	1	1	0	1546.16868	1524.70576	1529.02692
18.499815	1	1	1	0	1546.16693	1524.70576	1529.02502
18.519814	1	1	1	0	1546.16868	1524.70954	1529.02901
18.539814	1	1	1	0	1546.15818	1524.70765	1529.02711
18.559814	1	1	1	0	1546.16634	1524.70576	1529.02711
18.579814	1	1	1	0	1546.15760	1524.70690	1529.02711
18.599814	1	1	1	0	1546.15818	1524.70879	1529.02502
18.619814	1	1	1	0	1546.16032	1524.70954	1529.02882
18.639813	1	1	1	0	1546.16265	1524.70954	1529.02711
18.659813	1	1	1	0	1546.15973	1524.70954	1529.02502
18.679813	1	1	1	0	1546.16187	1524.71068	1529.02711
18.699813	1	1	1	0	1546.16421	1524.70841	1529.02882
18.719813	1	1	1	0	1546.17140	1524.71068	1529.02711
18.739813	1	1	1	0	1546.16926	1524.71068	1529.02692
18.759812	1	1	1	0	1546.16032	1524.70879	1529.02692
18.779812	1	1	1	0	1546.16421	1524.71030	1529.02901
18.799812	1	1	1	0	1546.15760	1524.71068	1529.02692
18.819812	1	1	1	0	1546.16926	1524.71030	1529.02502
18.839812	1	1	1	0	1546.16032	1524.70690	1529.02882
18.859811	1	1	1	0	1546.15604	1524.71257	1529.02312
18.879811	1	1	1	0	1546.16187	1524.71143	1529.02692
18.899811	1	1	1	0	1546.16187	1524.70954	1529.02312
18.919811	1	1	1	0	1546.15973	1524.71068	1529.02502
18.939810	1	1	1	0	1546.16634	1524.70954	1529.02502
18.959810	1	1	1	0	1546.15604	1524.70879	1529.02692
18.979810	1	1	1	0	1546.16634	1524.70954	1529.02882
18.999810	1	1	1	0	1546.16187	1524.71314	1529.02711
19.019810	1	1	1	0	1546.16479	1524.70954	1529.02692
19.039809	1	1	1	0	1546.16187	1524.71068	1529.02692
19.059809	1	1	1	0	1546.16479	1524.70879	1529.02312
19.079809	1	1	1	0	1546.16770	1524.71143	1529.02901
19.099809	1	1	1	0	1546.16323	1524.71143	1529.02483
19.119809	1	1	1	0	1546.16421	1524.71314	1529.02502
19.139808	1	1	1	0	1546.16032	1524.71143	1529.02692
19.159808	1	1	1	0	1546.16032	1524.71030	1529.02312
19.179808	1	1	1	0	1546.16265	1524.71314	1529.02882
19.199808	1	1	1	0	1546.16421	1524.71257	1529.02293
19.219808	1	1	1	0	1546.16032	1524.71143	1529.02692
19.239807	1	1	1	0	1546.16265	1524.71389	1529.02502
19.259807	1	1	1	0	1546.15973	1524.71389	1529.02293
19.279807	1	1	1	0	1546.16032	1524.71427	1529.02692
19.299807	1	1	1	0	1546.16265	1524.71200	1529.02502
19.319807	1	1	1	0	1546.16634	1524.71314	1529.02692
19.339806	1	1	1	0	1546.16032	1524.71503	1529.02692
19.359806	1	1	1	0	1546.15973	1524.71427	1529.02882
19.379806	1	1	1	0	1546.16479	1524.71692	1529.02901
19.399806	1	1	1	0	1546.16032	1524.71503	1529.02882
19.419806	1	1	1	0	1546.16634	1524.71503	1529.02502
19.439806	1	1	1	0	1546.16576	1524.71427	1529.02692
19.459805	1	1	1	0	1546.16421	1524.71427	1529.02502
19.479805	1	1	1	0	1546.16634	1524.71503	1529.03091
19.499805	1	1	1	0	1546.16129	1524.71351	1529.02293
19.519804	1	1	1	0	1546.15973	1524.71427	1529.02692
19.539804	1	1	1	0	1546.16479	1524.71503	1529.02863
19.559804	1	1	1	0	1546.16265	1524.71616	1529.02502
19.579804	1	1	1	0	1546.16634	1524.71389	1529.02312
19.599804	1	1	1	0	1546.15604	1524.71389	1529.02502
19.619804	1	1	1	0	1546.16634	1524.71314	1529.02882
19.639803	1	1	1	0	1546.15973	1524.71314	1529.02502
19.659803	1	1	1	0	1546.16265	1524.71616	1529.02502
19.679803	1	1	1	0	1546.15818	1524.71503	1529.02711
19.699803	1	1	1	0	1546.15818	1524.71427	1529.02901
19.719803	1	1	1	0	1546.16187	1524.71314	1529.02692
19.739802	1	1	1	0	1546.17140	1524.71257	1529.02502
19.759802	1	1	1	0	1546.16479	1524.71427	1529.02692
19.779802	1	1	1	0	1546.16479	1524.71314	1529.02711
19.799802	1	1	1	0	1546.16032	1524.71503	1529.02502
19.819802	1	1	1	0	1546.16421	1524.71389	1529.02711
19.839802	1	1	1	0	1546.15760	1524.71314	1529.02882
19.859801	1	1	1	0	1546.16693	1524.71427	1529.02692
19.879801	1	1	1	0	1546.15973	1524.71692	1529.02882
19.899801	1	1	1	0	1546.16634	1524.71314	1529.02502
19.919801	1	1	1	0	1546.16323	1524.71616	1529.02502
19.939801	1	1	1	0	1546.16634	1524.71314	1529.02502
19.959800	1	1	1	0	1546.15313	1524.71427	1529.02882
19.979800	1	1	1	0	1546.16032	1524.71427	1529.02502
19.999800	1	1	1	0	1546.15973	1524.71767	1529.02692
20.019800	1	1	1	0	1546.16032	1524.71540	1529.02502
20.039799	1	1	1	0	1546.16265	1524.71616	1529.02711
20.059799	1	1	1	0	1546.17140	1524.71540	1529.02502
20.079799	1	1	1	0	1546.14943	1524.71692	1529.02711
20.099799	1	1	1	0	1546.15760	1524.71427	1529.02882
20.119799	1	1	1	0	1546.16032	1524.71692	1529.02692
20.139798	1	1	1	0	1546.16421	1524.71918	1529.02882
20.159798	1	1	1	0	1546.15973	1524.71692	1529.02502
20.179798	1	1	1	0	1546.16421	1524.71805	1529.02692
20.199798	1	1	1	0	1546.16479	1524.71918	1529.02692
20.219798	1	1	1	0	1546.16420	1524.71880	1529.02502
20.239798	1	1	1	0	1546.14729	1524.71427	1529.03091
20.259797	1	1	1	0	1546.16109	1524.71805	1529.02692
20.279797	1	1	1	0	1546.16634	1524.71691	1529.02901
20.299797	1	1	1	0	1546.15604	1524.71729	1529.02692
20.319797	1	1	1	0	1546.16420	1524.71616	1529.02692
20.339796	1	1	1	0	1546.16187	1524.71616	1529.02502
20.359796	1	1	1	0	1546.15973	1524.71427	1529.02502
20.379796	1	1	1	0	1546.15818	1524.71502	1529.02711
20.399796	1	1	1	0	1546.16634	1524.71805	1529.02502
20.419796	1	1	1	0	1546.16634	1524.71427	1529.02502
20.439795	1	1	1	0	1546.16265	1524.71502	1529.02692
20.459795	1	1	1	0	1546.16634	1524.71578	1529.02502
20.479795	1	1	1	0	1546.15526	1524.71578	1529.02502
